gene_id	11	11	12	12	13	13	14	14	15	15
ESRRG,1.0,216680479	84	18	49	4	79	16	86	19	63	15
DAD1,14.0,23044162							234	13		
WBSCR22,7.0,73101080									211	20
OR7D4,19.0,9324701							316	21		
CAPN9,1.0,230933808	113	27	48	5	94	18	96	16	87	14
OR8K3,11.0,56086526							415	39		
STMN1,1.0,26231023	308	106	124	55	347	96	253	79	193	52
TMCO7,16.0,68941411	106	17	49	15	97	24	65	50	41	25
AMIGO2,12.0,47471514			259	8	345	26				
ZNF343,20.0,2463881			236	16	437	29				
SMO,7.0,128845224	220	44	85	29	179	64	138	65	137	38
CA5A,16.0,87969889							301	26		
YEATS2,3.0,183442260	359	21								
MUC5AC,11.0,1215965	95	20	56	6	123	11	67	24	63	24
IQCH,15.0,67713679	307	122	152	40	309	88	227	132	170	68
TEKT5,16.0,10721647							168	10		
HRH1,3.0,11301878							282	29		
ACOX2,3.0,58519159	106	8								
AKR1B15,7.0,134261683							395	22		
LAMC1,1.0,183085827							402	54		
OR7A10,19.0,14952507	263	111	125	45	298	102	178	128	201	71
EIF4B,12.0,53400411	272	208	140	94	270	217	179	229	165	196
ATP6V1B2,8.0,20068136	126	25	49	13	123	30	76	20	58	25
ZNF474,5.0,121488087	154	39	59	20	149	52	103	63	87	28
PPP2R5E,14.0,63848835	119	36	64	39	89	41	66	46	77	30
BAZ2B,2.0,160269032	274	29	129	39	222	74	208	93	135	29
RPL32,3.0,12880944							152	12		
AMN1,12.0,31850332			152	21					230	22
AKAP8,19.0,15469934			107	7	287	14				
SNAP47,1.0,227946744	310	48	127	23	267	29	298	67	180	42
NIPBL,5.0,36885562	85	3	38	5	83	15	79	25	52	10
SREBF1,17.0,17722459	134	39	54	20	140	58	97	51	79	46
MTHFD2L,4.0,75040904	285	61	209	42	224	68	176	71	185	35
TRPA1,8.0,72946021	653	146	342	59	606	100	518	159	433	117
SNAP91,6.0,84290297					118	30				
LIMK1,7.0,73520522	428	64	163	14	367	47	267	62	242	57
UNC5A,5.0,176292740	467	80	215	25	417	61	327	91	298	84
TELO2,16.0,1552915	441	99	187	50	476	101	385	101	278	94
DDX11,12.0,31237526	68	35	45	13	78	25	75	33	80	32
BAIAP2,17.0,79082853			116	18					196	13
PPFIBP2,11.0,7677931	275	94	158	25	269	66	228	82	214	34
CRTAM,11.0,122733176					231	13				
DHX34,19.0,47885161	167	12								
CRMP1,4.0,5842991	161	34	68	21	159	44	127	42	95	20
TIE1,1.0,43785036	357	60	151	21	328	43	288	95	245	58
PIK3CD,1.0,9777614	110	26	71	11	159	6	118	42	87	25
FBLN2,3.0,13671384	103	30	48	15	111	33	83	42	85	32
KIAA0226,3.0,197407978	51	36	25	18	59	50	43	63	28	28
FAM5B,1.0,177199087			131	5					124	7
MLLT10,10.0,21914795					154	10				
GRB2,17.0,73316335	99	31	32	3	71	10	75	19	63	16
ARHGAP24,4.0,86844879			128	1	173	12				
BRCA1,17.0,41276120	168	32	71	15	160	26	100	24	78	35
RBFOX2,22.0,36152070	69	32	27	7	77	30	33	28	36	23
MRGPRX1,11.0,18955447			172	11	341	14				
EFCAB5,17.0,28418884	438	118	193	58	436	123	401	179	259	78
ZNF749,19.0,57953244	150	60	76	21	135	65	98	66	59	30
CACNA1E,1.0,181702945	155	19	65	9	164	24	136	34	120	27
TXNIP,1.0,145440614	680	96	300	35	566	86	597	98	404	89
C6orf62,6.0,24709143	414	65	155	38	352	68	307	91	192	51
RFX1,19.0,14091530	40	27	22	13	71	32	50	31	46	26
ARHGEF2,1.0,155936119	125	32	64	12	117	16	110	26	90	15
CNTLN,9.0,17340886							335	59		
EFNA3,1.0,155057667	642	71	259	25	610	33	547	81	635	124
AMPH,7.0,38514831	97	6								
RASSF10,11.0,13031125					279	19				
SRRT,7.0,100483006	90	23	44	13	118	25	121	38	67	27
DNAJC7,17.0,40140881									95	11
MYBPC3,11.0,47355127	394	85	177	42	367	91	367	129	276	98
LMF1,16.0,918974	123	12	39	3	88	25	95	22	50	13
NWD1,19.0,16860466	533	41								
DQ571479(dist=292085),TP53TG3C(dist=63708),16.0,32621141	282	54	97	11	278	42	216	28	159	24
ZZEF1,17.0,3980252	96	68	76	21	96	56	46	79	55	51
PSG11,PSG6,19.0,43514216			194	14					255	20
OTUD4,4.0,146076616							212	19		
KRTAP25-1,21.0,31661640	530	42								
CALB1,8.0,91094237	423	164	181	61	314	145	247	177	181	131
FAM129A,1.0,184800915			269	19					335	12
DNAH3,16.0,21145624			105	7					250	8
ZNF484,9.0,95608919	209	70	129	13	221	82	159	95	159	59
DUS3L,19.0,5787713	155	13								
OR7C2,19.0,15052823							450	65		
CYP2D7P1,22.0,42538153	92	46	45	14	91	20	83	43	51	31
NOXO1,16.0,2029239	112	28	49	6	113	9	100	23	67	18
RFWD3,16.0,74662468	204	12								
OBSCN,1.0,228482465					594	34				
C20orf7,20.0,13767900	273	64	124	15	272	32	196	82	153	48
TRIM41,5.0,180662544	127	40	61	27	89	27	77	81	63	44
EFR3B,2.0,25353445			370	7	437	32				
TCF20,22.0,42564796	158	11								
KIT,4.0,55564605	228	41	132	9	222	48	218	60	159	46
MUC3A,7.0,100551911	886	55	1851	19						
RNF38,9.0,36357937							103	8		
FBN1,15.0,48786547	84	38	51	6	71	29	47	28	48	15
MGA,15.0,41961375	227	55	100	28	205	73	145	98	141	49
FMNL3,12.0,50082241	331	78	145	27	333	62	243	117	189	60
ZNFX1,20.0,47864606	150	32	75	12	162	28	127	47	94	20
AADACL4,1.0,12726173	414	33	211	10	431	34	425	13		
CAMKV,3.0,49898651	130	12								
ARSG,17.0,66364932	541	80	262	15	545	40	508	80	321	62
MED1,17.0,37566627	397	64	166	21	377	41	420	97	276	64
HERC4,10.0,69750054	391	159	169	48	362	118	256	138	187	110
TBC1D10B,16.0,30381179					311	24				
ADCY7,16.0,50339674			98	0	119	8				
AKD1,6.0,109827721	144	9								
TCRGV,7.0,38402942			217	7	318	20				
HMGCR,5.0,74650255	252	14								
ARID4A,14.0,58790261							432	56		
IL20RB,3.0,136710910	178	12								
C10orf137,10.0,127426455	129	51	86	21	161	30	122	55	85	33
YY1AP1,1.0,155646574	184	208	78	88	159	199	143	200	120	148
BAZ2B,2.0,160284750	103	24	42	14	84	28	76	33	78	23
CACNA1S,1.0,201020241	221	35	119	26	157	38	177	42	118	29
PUM1,1.0,31437543	255	51	106	7	193	32	168	45	143	35
OR2B6(dist=52695),ZNF165(dist=69827),6.0,27978655	106	11	50	6	83	8	109	16	55	12
COL7A1(uc003ctz.2:exon30:c.3760-1G>A),3.0,48623290							141	16		
CLN5,13.0,77570157							632	40		
GRM5,11.0,88245578	303	77	152	27	341	94	283	129	175	70
ZNF229,19.0,44933610			265	5	249	44				
COL6A3,2.0,238280405	320	73	134	30	260	58	264	35	207	50
GNAI3,1.0,110121804	147	9								
CR2,1.0,207651389	226	55	88	20	202	39	198	64	136	33
NMT2,10.0,15182945	351	13	192	12	353	14				
DCHS2,4.0,155176886	70	70	28	29	58	75	70	52	40	39
CYTIP,2.0,158272422			196	12					203	16
EFHB,3.0,19975396	157	251	115	66	189	231	95	263	83	185
PCLO,7.0,82583698	611	165	255	52	569	152	457	165	328	120
FANCM,14.0,45645195	237	46	97	18	211	41	141	85	135	36
COL1A2,7.0,94029637	197	29	82	17	170	33	158	30	173	38
NONE(dist=NONE),AK022914(dist=26972),22.0,16123288	158	4	66	4	135	7	109	7	146	2
GPAA1,8.0,145140185	127	21	60	6	124	16	129	31	89	8
U1(dist=1954944),Mir_720(dist=385489),8.0,138709682	104	10								
POGZ,1.0,151377253	186	29	87	15	182	26	234	27	148	30
MAGEB10,X,27830883	159	14								
CNNM4,2.0,97475049			335	12	671	44				
OSTC,4.0,109578890	92	25	31	10	51	32	71	25	35	16
OR6T1,11.0,123813982	220	85	95	43	207	107	169	101	135	57
CSNK1G1,15.0,64472426	176	45	84	12	157	28	143	47	108	37
SAG,2.0,234229333	379	65	190	21	398	22	300	15	242	56
KIAA1109,4.0,123280896	79	33	51	15	93	31	92	22	93	23
DNAH6,2.0,85039576									138	22
MRPL15,8.0,55047996					169	9				
C9orf102,9.0,98638372	226	94	118	33	212	70	178	71	114	56
COL20A1,20.0,61953376	95	30	51	12	63	15	63	25	47	20
HS3ST1,4.0,11400777	330	18								
MGAT5B,17.0,74878170					95	17				
CENPT,16.0,67865681	107	6								
CXorf22,X,35944249	280	28								
GLP1R,6.0,39041568							449	27		
FLVCR2,14.0,76107464							247	13		
SIRT7,17.0,79870982	327	33	163	13	417	56	294	66	209	49
PRDM9,5.0,23523269	270	33	130	19	313	26	252	54	161	60
HEPHL1,11.0,93819242	219	54	143	19	269	61	227	107	173	58
C8G,9.0,139841184	173	2					153	10		
HECTD3,1.0,45469283			282	3	331	20				
HECTD3,1.0,45469282			285	3	337	20				
ZFP64,20.0,50775581	159	41	76	14	116	32	123	40	87	23
LOC646851,22.0,38978455	70	23	45	18	64	19	55	46	38	13
GNB3,12.0,6950638			121	6	144	10				
NCAM1,11.0,113106008	315	118	164	45	329	108	198	163	165	111
C5orf25,5.0,175740666	241	40	74	16	177	74	194	53	133	30
TREML1,6.0,41121443	98	205	52	78	116	161	102	182	74	105
AL137752,19.0,36243295			83	4	144	9				
PTPRD,9.0,8521481	337	86	176	32	344	68	310	61	185	77
IMPA2(dist=26219),ANKRD62(dist=36744),18.0,12057104	98	14								
CSF1R,5.0,149449868	214	45	121	12	180	26	178	47	104	30
FBN2,5.0,127710391	213	65	89	37	193	66	107	86	92	58
ZNF592,15.0,85334062			180	2	199	18				
FAM50B(dist=132095),PRPF4B(dist=37923),6.0,3983646	257	24	108	9	192	16	175	23	96	25
DMRT2,9.0,1051564	205	28	146	5	223	24	148	35	129	35
EHF,11.0,34680171	461	139	270	59	509	144	423	157	367	95
ALDOB,9.0,104192063	175	37	79	10	128	22	115	14	66	37
AMPD1,1.0,115231253			129	10	212	20				
CD36,7.0,80141254			571	13	655	53				
TRAK2,2.0,202245936	122	32	124	13	169	36	112	21	104	13
COL25A1,4.0,109762763	94	25	44	11	72	10	65	20	40	14
CTNNA1,5.0,138160389			66	4	146	9				
RNF43,17.0,56438192	313	70	134	20	255	16	246	75	193	44
CLK2,1.0,155234445			151	1	184	13				
C16orf45,16.0,15528546							647	68		
C6orf1,6.0,34214592	164	25	60	13	140	16	137	35	93	27
CLCN7,16.0,1510970	271	48	129	23	243	59	248	64	175	39
RNF41,12.0,56606928	75	25	44	12	105	20	72	24	54	5
HNRNPH2,X,100667748							266	24		
PBX1,1.0,164762042	75	29	29	21	77	33	45	27	43	31
SOX1,13.0,112722290	217	72	124	24	229	66	205	92	143	54
CSMD2,1.0,33990616			155	7	291	35				
PNN,14.0,39645900	69	32	28	20	65	24	65	46	43	23
MON2,12.0,62959888	204	11								
ZNF711,X,84526481	499	83	245	46	395	107	355	93	274	92
CDKL1,14.0,50857067	232	81	123	37	201	52	120	72	123	62
KNDC1,10.0,135012910	253	15								
PMPCB,7.0,102940060	280	193	156	102	284	223	201	198	132	140
TARSL2,15.0,102255176			204	10	406	27				
BNC2,9.0,16419527	182	69	101	32	179	60	143	62	125	42
MYH13,17.0,10265673			138	2	287	28				
F7,13.0,113772804			179	5	238	16				
HECTD1,14.0,31618363	317	18								
PLA2G7,6.0,46678207	106	25	71	13	101	14	97	31	78	5
RYR2,1.0,237666592	549	44	213	17	501	39	464	62	333	55
ZNF596,8.0,194661	370	97	197	32	418	113	259	117	221	58
KRTAP19-8,21.0,32410543	193	44	78	12	174	32	118	49	109	47
PRSS33,16.0,2836228	157	50	80	15	172	17	189	49	110	29
NUDT16L1,16.0,4743830	275	34	271	6	260	23	281	26	225	38
PCDHA1,5.0,140166896	526	75	208	35	552	63	494	56	296	112
MN1,22.0,28196285	162	53	78	15	124	73	98	66	76	43
MYO5C,15.0,52512029	150	35	81	22	138	20	85	45	53	24
CCDC169-SOHLH2,SOHLH2,13.0,36744751	239	73	132	20	217	43	161	88	112	44
ST18,8.0,53044538	151	57	105	15	199	33	97	106	83	38
BC031306(dist=1760503),CNTN5(dist=890465),11.0,98001241	95	6								
HSD11B1L,19.0,5687929	238	52	204	26	277	49	213	46	141	54
GRIN3A,9.0,104500027	98	25	44	10	76	23	66	27	35	17
ITPR2,12.0,26839438	144	54	104	27	138	69	91	69	73	41
YIPF1,1.0,54331832			116	6					132	9
ANXA9,1.0,150955833	601	50	262	25	533	25	489	72	325	39
NCOR2,12.0,124816991									107	7
DDAH2,6.0,31696706					612	67				
PCDHA3,5.0,140182699			183	12	316	23				
MYL5,4.0,675685	143	8								
FOXN4,12.0,109728043			99	4	174	13				
MRPL1,4.0,78783982			164	11					236	27
NLGN3,X,70387399					221	30				
ABCB11,2.0,169870752	237	65	199	48	263	89	186	83	168	53
UBE2O,17.0,74398580	219	41	108	8	222	33	170	52	128	35
BSN,3.0,49698472							97	12		
SLC25A25,9.0,130864425	221	4							119	11
ZIC3(dist=89152),U6(dist=26639),X,136743411			131	11					106	6
PIP5K1B,9.0,71491518			342	3	364	23				
DGCR8,22.0,20073637							384	28		
WDR48,3.0,39093498							368	24		
CETP,16.0,57003480							152	15		
PRKCG,19.0,54401282			181	7	173	15				
PCDHGB3,5.0,140751222			571	17	635	35				
RYR3,15.0,34078050			424	11	514	38				
TGFBI,5.0,135388537			171	8	238	20				
SORCS1,10.0,108366958	123	20								
PUM1,1.0,31437544	255	50	105	7	193	32	166	46	147	32
SPAG9,17.0,49109015									283	25
NSUN5,7.0,72717866	161	13								
ADARB2,10.0,1232421	233	82	117	36	204	92	148	87	136	44
PCDH11X(dist=600248),NAP1L3(dist=447449),X,92478476			100	0	190	12				
CLCN2,3.0,184071977	243	16								
ABAT,16.0,8862762	337	81	143	29	311	64	311	71	204	41
LRP1B,2.0,141459491			263	1	294	22				
LRP4,11.0,46920969			124	1	173	11				
ATP6V0D1,16.0,67472691	389	28								
RUNX1T1,8.0,93015616	170	33	78	10	161	25	131	34	86	21
CELA3A,1.0,22333951	192	61	106	26	175	53	152	65	118	31
DCTN1,2.0,74596353									127	8
SULT1C2,2.0,108921089	589	116	247	56	570	161	498	179	347	124
PKN1,19.0,14581696							133	9		
C3orf15,3.0,119458045							253	31		
SPEF2,5.0,35670111	183	40	124	12	156	59	125	48	73	33
CREBZF,11.0,85375749	370	54	131	20	324	61	278	79	199	60
COL4A3,2.0,228104886	484	128	201	65	438	158	292	164	268	84
TMPRSS15,21.0,19775915	277	29								
FAM178B,2.0,97589447	57	19	21	12	67	35	46	35	40	12
MYOF,10.0,95126158									368	34
TH,11.0,2186390							187	15		
RAB40AL,X,102192234	300	76	172	31	322	52	308	89	237	59
GDPD1,17.0,57326183			128	2	214	16				
KDELR1,19.0,48887545							199	12		
ATR,3.0,142238577							285	31		
MYLPF,16.0,30387945	153	28	94	12	202	18	162	43	132	31
NFIX,19.0,13186554	83	30	44	12	82	33	61	41	43	27
CALD1,7.0,134620579	115	23	41	19	92	13	68	28	53	11
ZNF862,7.0,149558301	300	47	122	19	313	43	229	120	181	78
FAM19A2,12.0,62628342			140	9	288	15				
SLC7A2,8.0,17412142	441	188	233	43	437	124	409	151	305	91
LY75,2.0,160661564	203	38	84	13	266	43	151	62	118	44
AEBP1,7.0,44149246			114	1	166	21				
FAM192A,16.0,57197763							163	15		
MEGF6,1.0,3417256	106	37	61	8	117	20	93	27	82	22
ZNF721,4.0,436583	572	129	243	59	484	106	472	180	321	130
FREM1,9.0,14842401	131	31	83	18	175	24	132	56	108	34
FLNC,7.0,128490867			84	8					170	16
BRCA1,17.0,41247926	289	78	141	21	295	58	264	74	195	41
PRRC2B,9.0,134367457	67	41	29	19	78	32	69	31	47	21
RASGRP3,2.0,33745671							303	29		
NLRP1,17.0,5462198	190	12								
ACBD3,1.0,226374302			92	2	106	6				
AK125078,1.0,5624089	309	62	126	29	281	61	231	77	188	52
RET,10.0,43612016	139	12								
ARRB1,11.0,74980159	192	25	104	9	244	27	242	27	119	54
SMC3,10.0,112359414	189	147	108	40	171	93	58	115	90	55
MRPS36,5.0,68513846							116	11		
BRCA2,13.0,32949561	127	34	68	8	89	40	69	48	57	30
MPP4,2.0,202528852	281	72	132	31	298	76	211	77	175	81
TRAF5,1.0,211544841							190	12		
NUDT17,1.0,145587798	86	107	53	69	89	104	49	114	55	82
CGRRF1,14.0,54997744	164	32	79	13	177	25	113	40	96	33
GORASP2,2.0,171807769	398	22								
C9orf24;C9orf24,9.0,34381129	130	70	67	19	171	60	143	63	78	37
TROVE2,1.0,193039583	146	16	48	17	152	18	144	41	83	17
RPGRIP1,14.0,21785784	85	17	49	4	79	6	66	26	43	17
SUN1,7.0,889539	237	86	115	30	223	72	262	116	188	69
PHB2,12.0,7079477			180	6	184	31				
CYP4F3,19.0,15769642	178	7					117	7		
CACNA1H,16.0,1265510							196	13		
MYOM1,18.0,3075563	232	18								
ABCB9,12.0,123433207	100	9					82	9	122	6
RAB40B,17.0,80615499	363	51	182	16	370	28	349	61	244	49
NKAIN4,20.0,61881313							163	26		
ZNF362(dist=6080),PHC2(dist=16824),1.0,33772400	233	52	109	25	240	55	182	90	145	46
RASAL2,1.0,178381019	465	25								
SCAF4,21.0,33076247	294	11					246	20	172	8
VIPR2,7.0,158935103							202	13		
UFC1,1.0,161127144	449	82	194	42	485	63	448	78	310	55
PKD1L1,7.0,47894535	403	67	234	33	381	74	355	92	273	68
CD1C,1.0,158261151							380	35		
UBN1,16.0,4930213	132	19	47	12	112	29	85	21	79	32
NPC1,18.0,21136263							236	15		
EVPL,17.0,74003290							191	12		
UPK2,11.0,118828726	105	11								
PARG,10.0,51049966							120	18		
EMR2,19.0,14883233	151	81	113	28	151	71	97	70	115	74
ATP8A1,4.0,42487544	326	72	165	49	349	100	272	134	250	87
NDST2,10.0,75566113	112	8								
LOC648691(uc011ais.2:exon1:c.59+1G>A),22.0,22901815	207	3					221	13		
TM7SF4,8.0,105361189							689	54		
EXT1,8.0,118842344	128	59	46	17	136	46	98	35	71	37
TMEM2,9.0,74304994					347	39				
LBP,20.0,36975024	191	38	94	18	208	42	175	57	115	33
KERA,12.0,91445283							135	28		
SYBU,8.0,110590253	249	29	152	0	218	10	265	8	142	22
PAMR1,11.0,35546948							89	18		
LRRC20,10.0,72100374	102	43	56	18	68	47	59	39	67	34
THNSL2,2.0,88485040	280	5			272	2				
SNX14,6.0,86303419	104	37	55	11	83	35	69	37	73	30
GAD1,2.0,171702339	97	27	63	8	110	28	74	38	59	24
PDE10A,6.0,165806035	251	15					196	22	144	6
ISX,22.0,35463299	148	19								
COMMD2,3.0,149468120	107	28	63	14	136	21	99	39	105	25
ASAP3,1.0,23768124							106	7		
RAI14,5.0,34687009	307	44	165	19	284	34	294	74	172	43
ANXA2,9.0,33625207			326	6	408	24				
RAB11FIP3,16.0,476651	333	46	176	27	373	68	298	44	279	36
NUFIP1,13.0,45553307			193	2	165	10				
FANCM,14.0,45645883	135	54	61	16	151	30	147	62	97	28
GSTCD,4.0,106766565			123	8					249	7
SMARCB1,22.0,24129453							238	23		
FSIP2,2.0,186659710	256	63	155	32	248	70	195	100	162	65
SLC8A3,14.0,70518856	219	58	122	37	179	47	109	98	131	54
LDHC,11.0,18460101	517	4	364	6	429	47			244	22
ARIH1,15.0,72874327	99	45	67	11	117	42	81	43	53	19
TRIM47,17.0,73870698	344	18					362	24	247	20
NRD1,1.0,52281972	154	33	81	13	163	59	121	35	103	31
DUOX1,15.0,45440484			91	2	105	10				
IFNAR1,21.0,34713323	123	38	55	12	69	23	64	47	58	20
ADAMTSL4,1.0,150523053	131	8	112	7	119	10	114	30	72	9
EMBP1(dist=169115),NONE(dist=NONE),1.0,121482801	96	0								
TMEM176A,7.0,150501584	179	11								
TNNC2,20.0,44453128	363	77	179	28	355	73	271	116	243	68
POLA1,X,24755889	182	70	76	40	112	102	69	122	87	77
FAM135A,6.0,71236043	235	14								
WDR27,6.0,170059532	197	7	126	6	141	5	125	7		
TMCO2,1.0,40717200	418	79	210	43	410	58	334	107	261	83
CELSR3,SLC26A6,3.0,48663443	122	9								
RTCD1,1.0,100740497	162	12	145	1			160	15	102	10
GALNTL5,7.0,151700116			85	5					90	10
HEPACAM2,7.0,92838120	173	27	67	11	154	25	129	38	90	25
GAB3,X,153907478					230	17				
SYN2,TIMP4,3.0,12198274	151	34	95	5	133	36	144	26	108	33
MAN2B2,4.0,6577087	94	27	43	17	114	26	56	24	67	22
ODF2L,1.0,86822331	81	22	46	20	85	56	78	47	59	28
FAM122A,9.0,71395389	534	111	246	36	454	107	357	134	295	107
PKLR,1.0,155262979	415	44	247	19	456	35	373	82	289	46
KSR2,12.0,118199001	110	44	62	18	135	71	100	46	84	25
SNX30,9.0,115580126	152	56	65	13	135	42	110	67	60	28
NSD1,5.0,176671347			116	2					95	9
KIAA1751,1.0,1916758	168	52	159	39	178	50	161	41	137	49
FAM190A,4.0,91321205									141	17
HSPD1,2.0,198361690	188	60	76	19	172	25	138	78	93	38
USP3,15.0,63850301					85	18				
RHOBTB3,5.0,95067660			252	20	314	22				
LOC100190938,17.0,40913022	170	32	82	9	131	26	171	33	128	27
C10orf108,DIP2C,10.0,696437	81	21	63	19	89	51	73	44	58	27
ZNF486(dist=50855),ZNF826P(dist=91239),19.0,20359839	401	80	226	42	328	114	236	142	199	85
TPCN1,12.0,113710605	85	124	58	41	61	144	35	141	43	69
ZNF414,19.0,8575683			119	2	169	13				
ROR2,9.0,94486562			113	10					147	13
SCGB2A2,11.0,62037795	236	43	74	10	191	36	179	56	159	31
ANKK1,11.0,113268747	85	42	37	10	77	35	56	40	56	17
ZNF295,21.0,43414000							354	23		
MARCO,2.0,119731940	181	50	83	22	161	43	129	44	97	48
PSMD13,11.0,247389	539	176	322	88	635	176	496	194	395	114
IMPDH1,7.0,128033233			108	8	164	28				
TYRP1,9.0,12695714	408	28								
PLTP,20.0,44538313	165	10								
GRIK3,1.0,37325568	226	39	128	25	285	44	215	58	145	39
ATL2,2.0,38537409	204	63	83	32	159	83	133	61	86	40
C12orf43,12.0,121454219	272	103	162	26	238	48	269	86	137	98
COL6A3,2.0,238280412	327	70	135	29	259	51	256	41	203	54
NEB,2.0,152361904	120	42	72	13	113	36	94	39	101	28
VLDLR,9.0,2645017			278	6	343	27				
C7orf33,7.0,148288014	127	26	48	11	125	28	123	23	82	32
