gene_id	11	11	12	12	13	13	14	14	15	15
ESRRG,1.0,216680479	738	109	709	88	706	122	766	179	773	158
DAD1,14.0,23044162							450	24		
WBSCR22,7.0,73101080									875	75
OR7D4,19.0,9324701							433	21		
CAPN9,1.0,230933808	835	118	803	150	795	162	783	173	793	170
OR8K3,11.0,56086526							926	52		
STMN1,1.0,26231023	438	113	415	111	420	131	406	164	459	157
TMCO7,16.0,68941411	320	94	403	72	358	84	296	194	368	139
AMIGO2,12.0,47471514			675	18	543	30				
ZNF343,20.0,2463881			766	24	792	71				
SMO,7.0,128845224	722	178	723	168	778	174	690	251	686	208
CA5A,16.0,87969889							842	120		
YEATS2,3.0,183442260	637	20								
MUC5AC,11.0,1215965	473	83	479	59	480	55	468	111	482	128
IQCH,15.0,67713679	602	182	570	162	546	190	489	327	608	302
TEKT5,16.0,10721647							577	18		
HRH1,3.0,11301878							838	41		
ACOX2,3.0,58519159	255	9								
AKR1B15,7.0,134261683							926	38		
LAMC1,1.0,183085827							897	66		
OR7A10,19.0,14952507	453	168	509	131	415	151	449	261	433	224
EIF4B,12.0,53400411	444	356	461	295	478	365	399	516	441	435
ATP6V1B2,8.0,20068136	677	151	742	129	617	130	590	233	605	279
ZNF474,5.0,121488087	613	166	547	171	575	198	483	323	541	237
PPP2R5E,14.0,63848835	683	271	696	246	646	298	562	386	637	313
BAZ2B,2.0,160269032	623	151	655	140	729	190	606	269	723	236
RPL32,3.0,12880944							824	76		
AMN1,12.0,31850332			404	36					469	46
AKAP8,19.0,15469934			727	12	673	44				
SNAP47,1.0,227946744	837	126	858	104	871	96	804	169	825	143
NIPBL,5.0,36885562	433	53	382	53	348	72	447	112	447	85
SREBF1,17.0,17722459	455	165	481	138	461	152	413	264	404	248
MTHFD2L,4.0,75040904	784	192	791	180	756	206	732	231	731	240
TRPA1,8.0,72946021	790	174	826	141	805	144	728	240	728	251
SNAP91,6.0,84290297					273	47				
LIMK1,7.0,73520522	809	130	842	111	851	96	739	200	703	231
UNC5A,5.0,176292740	774	155	820	119	844	100	743	199	773	164
TELO2,16.0,1552915	749	187	757	188	774	161	765	191	695	260
DDX11,12.0,31237526	526	163	560	172	498	195	480	275	502	246
BAIAP2,17.0,79082853			709	31					823	43
PPFIBP2,11.0,7677931	570	137	493	111	492	120	533	190	564	218
CRTAM,11.0,122733176					886	16				
DHX34,19.0,47885161	416	13								
CRMP1,4.0,5842991	716	200	765	150	719	205	703	244	733	205
TIE1,1.0,43785036	689	142	673	80	720	90	639	227	623	208
PIK3CD,1.0,9777614	744	173	741	121	722	160	652	281	687	241
FBLN2,3.0,13671384	650	220	712	203	650	265	601	339	629	283
KIAA0226,3.0,197407978	272	183	362	219	276	248	272	307	328	288
FAM5B,1.0,177199087			748	28					760	37
MLLT10,10.0,21914795					607	29				
GRB2,17.0,73316335	750	168	803	131	745	162	739	213	728	211
ARHGAP24,4.0,86844879			661	15	639	24				
BRCA1,17.0,41276120	525	97	524	104	501	73	514	147	565	155
RBFOX2,22.0,36152070	139	38	177	36	172	50	125	57	158	61
MRGPRX1,11.0,18955447			878	31	883	44				
EFCAB5,17.0,28418884	756	189	757	170	743	219	715	252	720	234
ZNF749,19.0,57953244	456	180	451	153	564	192	420	252	473	276
CACNA1E,1.0,181702945	719	147	724	120	767	173	747	178	796	169
TXNIP,1.0,145440614	834	134	869	104	809	142	807	167	818	145
C6orf62,6.0,24709143	681	131	668	126	694	170	651	230	731	158
RFX1,19.0,14091530	231	87	269	85	256	91	188	125	241	98
ARHGEF2,1.0,155936119	499	81	524	79	523	78	542	97	522	117
CNTLN,9.0,17340886							551	87		
EFNA3,1.0,155057667	847	83	848	71	773	59	838	101	795	142
AMPH,7.0,38514831	693	22								
RASSF10,11.0,13031125					842	95				
SRRT,7.0,100483006	694	214	748	182	684	211	674	223	667	224
DNAJC7,17.0,40140881									895	68
MYBPC3,11.0,47355127	655	192	713	167	731	198	649	295	699	233
LMF1,16.0,918974	787	158	818	141	791	177	755	191	772	175
NWD1,19.0,16860466	864	51								
DQ571479(dist=292085),TP53TG3C(dist=63708),16.0,32621141	854	124	871	99	846	120	852	120	863	123
ZZEF1,17.0,3980252	217	119	284	73	287	123	99	137	160	172
PSG11,PSG6,19.0,43514216			665	44					784	62
OTUD4,4.0,146076616							410	55		
KRTAP25-1,21.0,31661640	921	53								
CALB1,8.0,91094237	711	254	699	270	633	333	541	413	573	394
FAM129A,1.0,184800915			934	41					935	37
DNAH3,16.0,21145624			882	40					853	43
ZNF484,9.0,95608919	377	168	471	111	423	167	392	261	353	210
DUS3L,19.0,5787713	709	15								
OR7C2,19.0,15052823							824	142		
CYP2D7P1,22.0,42538153	710	184	802	141	826	116	619	332	645	276
NOXO1,16.0,2029239	159	26	163	19	162	28	161	40	200	41
RFWD3,16.0,74662468	722	29								
OBSCN,1.0,228482465					892	77				
C20orf7,20.0,13767900	715	136	728	122	758	110	640	210	600	289
TRIM41,5.0,180662544	633	295	718	226	676	262	513	453	582	364
EFR3B,2.0,25353445			947	19	894	63				
TCF20,22.0,42564796	202	14								
KIT,4.0,55564605	808	155	834	134	804	160	728	237	800	180
MUC3A,7.0,100551911	914	40	931	11						
RNF38,9.0,36357937							304	15		
FBN1,15.0,48786547	344	87	351	65	329	107	276	164	381	152
MGA,15.0,41961375	569	177	639	168	555	180	492	269	596	234
FMNL3,12.0,50082241	768	198	837	129	837	129	663	296	721	243
ZNFX1,20.0,47864606	764	164	732	120	842	100	723	226	746	194
AADACL4,1.0,12726173	815	75	848	32	873	38	943	17		
CAMKV,3.0,49898651	495	41								
ARSG,17.0,66364932	859	95	883	85	870	83	854	102	784	175
MED1,17.0,37566627	776	154	829	107	850	108	759	175	753	184
HERC4,10.0,69750054	539	245	644	155	549	195	500	318	585	252
TBC1D10B,16.0,30381179					852	96				
ADCY7,16.0,50339674			701	24	634	49				
AKD1,6.0,109827721	767	22								
TCRGV,7.0,38402942			798	15	808	44				
HMGCR,5.0,74650255	767	35								
ARID4A,14.0,58790261							827	58		
IL20RB,3.0,136710910	579	20								
C10orf137,10.0,127426455	512	203	561	148	631	123	475	257	481	237
YY1AP1,1.0,155646574	441	534	508	462	483	492	401	576	424	558
BAZ2B,2.0,160284750	708	230	733	116	720	174	659	227	739	191
CACNA1S,1.0,201020241	764	141	734	137	794	148	706	210	738	175
PUM1,1.0,31437543	749	140	757	132	691	101	696	250	707	209
OR2B6(dist=52695),ZNF165(dist=69827),6.0,27978655	806	96	761	79	866	89	873	80	752	185
COL7A1(uc003ctz.2:exon30:c.3760-1G>A),3.0,48623290							332	24		
CLN5,13.0,77570157							913	54		
GRM5,11.0,88245578	503	117	472	111	509	115	526	197	556	189
ZNF229,19.0,44933610			552	6	462	75				
COL6A3,2.0,238280405	787	170	807	141	818	128	782	129	744	214
GNAI3,1.0,110121804	450	25								
CR2,1.0,207651389	821	121	761	114	757	153	750	186	802	156
NMT2,10.0,15182945	901	21	926	20	862	26				
DCHS2,4.0,155176886	347	299	401	247	349	331	296	373	347	330
CYTIP,2.0,158272422			920	52					896	59
EFHB,3.0,19975396	376	545	503	394	403	510	175	716	290	655
PCLO,7.0,82583698	787	147	769	170	682	209	724	242	769	195
FANCM,14.0,45645195	501	124	530	110	524	123	478	200	527	165
COL1A2,7.0,94029637	844	129	834	140	810	167	768	197	761	214
NONE(dist=NONE),AK022914(dist=26972),22.0,16123288	916	37	942	24	891	59	913	43	906	40
GPAA1,8.0,145140185	849	86	769	94	847	107	746	168	827	132
U1(dist=1954944),Mir_720(dist=385489),8.0,138709682	660	32								
POGZ,1.0,151377253	810	124	824	97	801	135	835	116	813	129
MAGEB10,X,27830883	710	46								
CNNM4,2.0,97475049			924	14	885	38				
OSTC,4.0,109578890	791	159	729	188	726	226	695	275	738	199
OR6T1,11.0,123813982	337	166	431	115	358	155	334	214	340	168
CSNK1G1,15.0,64472426	696	135	703	110	619	100	579	216	574	276
SAG,2.0,234229333	775	131	794	99	795	108	797	71	705	185
KIAA1109,4.0,123280896	612	209	642	143	660	194	701	275	700	253
DNAH6,2.0,85039576									804	137
MRPL15,8.0,55047996					552	8				
C9orf102,9.0,98638372	668	273	679	231	619	270	613	325	609	273
COL20A1,20.0,61953376	306	127	330	98	357	82	342	113	349	174
HS3ST1,4.0,11400777	913	29								
MGAT5B,17.0,74878170					543	44				
CENPT,16.0,67865681	444	23								
CXorf22,X,35944249	455	25								
GLP1R,6.0,39041568							877	74		
FLVCR2,14.0,76107464							866	44		
SIRT7,17.0,79870982	870	103	858	95	860	98	792	167	763	195
PRDM9,5.0,23523269	832	129	847	110	877	87	755	199	732	223
HEPHL1,11.0,93819242	793	168	822	138	749	203	743	220	716	252
C8G,9.0,139841184	830	25					899	28		
HECTD3,1.0,45469283			831	16	849	48				
HECTD3,1.0,45469282			843	16	843	46				
ZFP64,20.0,50775581	325	83	302	62	339	73	317	128	359	128
LOC646851,22.0,38978455	509	152	568	141	486	170	440	217	544	221
GNB3,12.0,6950638			650	18	604	40				
NCAM1,11.0,113106008	500	127	575	143	429	197	394	259	483	221
C5orf25,5.0,175740666	820	151	777	191	765	194	753	224	774	170
TREML1,6.0,41121443	339	418	389	319	354	399	322	519	372	494
AL137752,19.0,36243295			533	15	446	29				
PTPRD,9.0,8521481	777	189	806	148	793	163	842	120	681	291
IMPA2(dist=26219),ANKRD62(dist=36744),18.0,12057104	416	16								
CSF1R,5.0,149449868	585	93	584	66	543	68	622	155	562	215
FBN2,5.0,127710391	525	192	593	175	564	167	451	326	465	285
ZNF592,15.0,85334062			931	36	911	51				
FAM50B(dist=132095),PRPF4B(dist=37923),6.0,3983646	852	108	862	105	900	66	815	153	806	167
DMRT2,9.0,1051564	623	95	621	94	679	69	560	150	550	175
EHF,11.0,34680171	717	187	710	173	705	201	705	261	691	238
ALDOB,9.0,104192063	710	204	681	114	684	129	802	105	578	240
AMPD1,1.0,115231253			571	17	630	32				
CD36,7.0,80141254			931	29	918	51				
TRAK2,2.0,202245936	208	21	235	18	212	29	263	25	241	20
COL25A1,4.0,109762763	480	147	543	104	565	114	524	186	543	147
CTNNA1,5.0,138160389			451	9	436	13				
RNF43,17.0,56438192	784	142	836	120	814	103	712	233	765	187
CLK2,1.0,155234445			953	12	920	55				
C16orf45,16.0,15528546							854	69		
C6orf1,6.0,34214592	798	139	806	107	838	86	738	181	794	147
CLCN7,16.0,1510970	642	126	641	95	653	130	646	166	674	177
RNF41,12.0,56606928	763	185	817	140	816	123	648	302	745	200
HNRNPH2,X,100667748							923	43		
PBX1,1.0,164762042	546	218	491	200	561	252	556	290	547	247
SOX1,13.0,112722290	477	173	551	128	539	166	549	313	537	203
CSMD2,1.0,33990616			949	14	900	47				
PNN,14.0,39645900	649	315	678	289	611	352	551	410	520	428
MON2,12.0,62959888	933	22								
ZNF711,X,84526481	776	177	740	180	742	188	764	154	715	228
CDKL1,14.0,50857067	585	188	710	120	551	161	516	309	465	283
KNDC1,10.0,135012910	902	40								
PMPCB,7.0,102940060	465	348	580	333	474	405	390	546	481	430
TARSL2,15.0,102255176			534	13	470	49				
BNC2,9.0,16419527	388	155	423	108	414	129	364	260	394	187
MYH13,17.0,10265673			546	33	591	44				
F7,13.0,113772804			882	26	871	65				
HECTD1,14.0,31618363	440	8								
PLA2G7,6.0,46678207	715	104	742	75	768	96	781	175	724	145
RYR2,1.0,237666592	888	80	900	75	904	65	813	152	844	132
ZNF596,8.0,194661	741	208	780	170	728	221	722	246	779	183
KRTAP19-8,21.0,32410543	645	134	596	84	594	93	518	208	592	226
PRSS33,16.0,2836228	722	195	774	139	742	158	745	213	753	141
NUDT16L1,16.0,4743830	814	124	905	36	877	78	900	49	840	101
PCDHA1,5.0,140166896	802	133	820	123	822	101	853	92	736	198
MN1,22.0,28196285	473	260	585	173	518	224	479	329	559	288
MYO5C,15.0,52512029	663	151	636	132	635	118	512	227	582	289
CCDC169-SOHLH2,SOHLH2,13.0,36744751	610	122	575	102	547	82	471	191	538	194
ST18,8.0,53044538	526	158	576	140	514	139	419	268	495	212
BC031306(dist=1760503),CNTN5(dist=890465),11.0,98001241	888	23								
HSD11B1L,19.0,5687929	733	142	731	112	735	93	763	194	672	278
GRIN3A,9.0,104500027	440	116	427	116	345	111	299	208	375	152
ITPR2,12.0,26839438	547	169	629	175	584	182	492	309	597	297
YIPF1,1.0,54331832			690	46					694	41
ANXA9,1.0,150955833	857	102	889	74	869	90	818	151	834	132
NCOR2,12.0,124816991									525	52
DDAH2,6.0,31696706					785	75				
PCDHA3,5.0,140182699			888	30	825	98				
MYL5,4.0,675685	723	20								
FOXN4,12.0,109728043			905	26	846	84				
MRPL1,4.0,78783982			857	43					864	65
NLGN3,X,70387399					563	89				
ABCB11,2.0,169870752	702	228	754	163	741	217	672	298	719	240
UBE2O,17.0,74398580	814	140	839	120	813	142	769	191	805	154
BSN,3.0,49698472							264	27		
SLC25A25,9.0,130864425	938	12							817	152
ZIC3(dist=89152),U6(dist=26639),X,136743411			907	49					909	58
PIP5K1B,9.0,71491518			930	24	891	72				
DGCR8,22.0,20073637							893	56		
WDR48,3.0,39093498							857	82		
CETP,16.0,57003480							470	33		
PRKCG,19.0,54401282			818	13	765	50				
PCDHGB3,5.0,140751222			914	38	884	68				
RYR3,15.0,34078050			707	33	768	62				
TGFBI,5.0,135388537			634	13	598	29				
SORCS1,10.0,108366958	460	30								
PUM1,1.0,31437544	729	134	737	129	690	101	693	248	704	207
SPAG9,17.0,49109015									887	80
NSUN5,7.0,72717866	835	38								
ADARB2,10.0,1232421	676	267	730	225	694	235	561	367	591	323
PCDH11X(dist=600248),NAP1L3(dist=447449),X,92478476			909	24	843	37				
CLCN2,3.0,184071977	845	43								
ABAT,16.0,8862762	787	161	818	144	781	169	753	201	740	212
LRP1B,2.0,141459491			818	22	901	55				
LRP4,11.0,46920969			705	18	792	41				
ATP6V0D1,16.0,67472691	895	47								
RUNX1T1,8.0,93015616	848	108	832	78	861	103	798	157	747	205
CELA3A,1.0,22333951	709	229	757	174	710	224	675	274	709	260
DCTN1,2.0,74596353									489	40
SULT1C2,2.0,108921089	782	186	794	174	759	202	692	283	760	209
PKN1,19.0,14581696							881	68		
C3orf15,3.0,119458045							869	102		
SPEF2,5.0,35670111	668	94	636	88	738	146	719	195	720	154
CREBZF,11.0,85375749	699	161	750	130	725	155	627	230	741	156
COL4A3,2.0,228104886	541	156	570	144	566	148	464	246	626	208
TMPRSS15,21.0,19775915	862	73								
FAM178B,2.0,97589447	404	73	352	73	396	91	435	131	440	125
MYOF,10.0,95126158									850	93
TH,11.0,2186390							874	73		
RAB40AL,X,102192234	415	109	504	81	457	95	443	169	458	150
GDPD1,17.0,57326183			934	15	918	37				
KDELR1,19.0,48887545							396	22		
ATR,3.0,142238577							830	90		
MYLPF,16.0,30387945	792	142	835	98	805	129	753	194	717	227
NFIX,19.0,13186554	575	229	587	161	524	191	482	278	514	282
CALD1,7.0,134620579	710	177	751	153	771	173	698	237	662	269
ZNF862,7.0,149558301	761	196	807	156	828	133	636	317	690	263
FAM19A2,12.0,62628342			943	27	927	42				
SLC7A2,8.0,17412142	734	215	770	185	715	234	749	222	706	255
LY75,2.0,160661564	774	187	836	130	760	201	676	278	730	243
AEBP1,7.0,44149246			738	12	779	91				
FAM192A,16.0,57197763							484	82		
MEGF6,1.0,3417256	624	114	691	64	700	99	621	202	599	185
ZNF721,4.0,436583	584	135	560	118	626	162	648	243	583	166
FREM1,9.0,14842401	604	123	625	82	539	75	554	199	500	193
FLNC,7.0,128490867			848	60					878	63
BRCA1,17.0,41247926	633	139	615	97	648	120	716	201	748	171
PRRC2B,9.0,134367457	453	211	520	136	483	205	449	266	510	225
RASGRP3,2.0,33745671							888	76		
NLRP1,17.0,5462198	277	11								
ACBD3,1.0,226374302			510	20	554	22				
AK125078,1.0,5624089	551	128	565	124	514	146	520	180	616	222
RET,10.0,43612016	891	20								
ARRB1,11.0,74980159	403	81	376	52	454	46	468	50	422	127
SMC3,10.0,112359414	291	184	379	120	328	172	137	230	258	230
MRPS36,5.0,68513846							771	54		
BRCA2,13.0,32949561	301	145	341	110	328	101	329	212	362	176
MPP4,2.0,202528852	752	217	773	194	767	202	689	276	719	248
TRAF5,1.0,211544841							935	31		
NUDT17,1.0,145587798	315	618	432	491	335	605	258	683	348	600
CGRRF1,14.0,54997744	385	106	532	87	508	94	408	208	417	166
GORASP2,2.0,171807769	865	29								
C9orf24;C9orf24,9.0,34381129	492	234	632	136	512	163	475	306	535	233
TROVE2,1.0,193039583	811	147	854	98	839	118	740	225	779	193
RPGRIP1,14.0,21785784	659	178	640	94	690	106	677	198	662	196
SUN1,7.0,889539	701	252	702	249	691	275	649	306	682	265
PHB2,12.0,7079477			665	7	546	76				
CYP4F3,19.0,15769642	441	8					489	19		
CACNA1H,16.0,1265510							875	78		
MYOM1,18.0,3075563	822	47								
ABCB9,12.0,123433207	920	36					869	90	902	52
RAB40B,17.0,80615499	730	110	747	85	799	76	812	143	749	180
NKAIN4,20.0,61881313							842	86		
ZNF362(dist=6080),PHC2(dist=16824),1.0,33772400	503	123	475	102	420	137	414	160	450	169
RASAL2,1.0,178381019	934	29								
SCAF4,21.0,33076247	515	15					455	43	558	36
VIPR2,7.0,158935103							809	56		
UFC1,1.0,161127144	837	137	853	124	827	135	831	141	816	151
PKD1L1,7.0,47894535	806	165	799	172	806	167	758	217	780	188
CD1C,1.0,158261151							889	55		
UBN1,16.0,4930213	807	134	798	144	787	154	732	212	762	181
NPC1,18.0,21136263							863	54		
EVPL,17.0,74003290							881	26		
UPK2,11.0,118828726	341	17								
PARG,10.0,51049966							695	50		
EMR2,19.0,14883233	603	310	693	207	646	298	519	402	570	385
ATP8A1,4.0,42487544	661	120	666	97	639	154	674	236	710	203
NDST2,10.0,75566113	377	5								
LOC648691(uc011ais.2:exon1:c.59+1G>A),22.0,22901815	648	8					823	32		
TM7SF4,8.0,105361189							906	59		
EXT1,8.0,118842344	734	239	776	192	698	270	740	232	677	298
TMEM2,9.0,74304994					879	90				
LBP,20.0,36975024	733	161	665	167	679	198	693	225	716	209
KERA,12.0,91445283							616	98		
SYBU,8.0,110590253	873	106	894	32	908	66	890	68	863	109
PAMR1,11.0,35546948							831	107		
LRRC20,10.0,72100374	445	228	605	163	552	231	431	306	531	273
THNSL2,2.0,88485040	388	15			450	6				
SNX14,6.0,86303419	630	236	739	201	624	220	575	361	603	276
GAD1,2.0,171702339	538	134	574	88	665	84	513	219	559	216
PDE10A,6.0,165806035	795	38					837	86	892	55
ISX,22.0,35463299	424	12								
COMMD2,3.0,149468120	579	134	681	98	717	123	664	204	677	178
ASAP3,1.0,23768124							722	117		
RAI14,5.0,34687009	848	118	836	120	820	117	775	198	802	172
ANXA2,9.0,33625207			801	24	779	22				
RAB11FIP3,16.0,476651	791	140	818	125	807	135	765	184	803	131
NUFIP1,13.0,45553307			935	26	926	41				
FANCM,14.0,45645883	467	131	511	88	530	113	493	172	565	145
GSTCD,4.0,106766565			801	50					884	68
SMARCB1,22.0,24129453							792	127		
FSIP2,2.0,186659710	565	107	631	145	625	157	561	216	580	223
SLC8A3,14.0,70518856	647	156	682	194	585	196	591	302	574	284
LDHC,11.0,18460101	942	14	912	42	829	109			870	105
ARIH1,15.0,72874327	363	79	358	112	306	119	316	181	338	142
TRIM47,17.0,73870698	778	29					859	75	876	32
NRD1,1.0,52281972	498	186	558	146	547	178	582	212	596	238
DUOX1,15.0,45440484			861	26	806	42				
IFNAR1,21.0,34713323	643	209	624	194	624	190	492	306	640	307
ADAMTSL4,1.0,150523053	729	87	702	77	832	62	778	160	796	135
EMBP1(dist=169115),NONE(dist=NONE),1.0,121482801	706	9								
TMEM176A,7.0,150501584	715	20								
TNNC2,20.0,44453128	786	164	772	165	743	197	677	253	721	209
POLA1,X,24755889	268	135	284	106	207	111	89	185	207	179
FAM135A,6.0,71236043	351	18								
WDR27,6.0,170059532	650	38	675	14	652	29	706	26		
TMCO2,1.0,40717200	785	148	788	129	770	194	699	248	737	226
CELSR3,SLC26A6,3.0,48663443	265	16								
RTCD1,1.0,100740497	533	32	541	15			525	74	628	47
GALNTL5,7.0,151700116			818	43					895	62
HEPACAM2,7.0,92838120	800	128	788	149	747	145	783	172	773	175
GAB3,X,153907478					888	90				
SYN2,TIMP4,3.0,12198274	773	188	867	99	820	114	789	130	704	201
MAN2B2,4.0,6577087	707	235	718	221	723	226	672	267	681	262
ODF2L,1.0,86822331	469	138	614	117	436	187	501	249	479	225
FAM122A,9.0,71395389	581	182	624	119	627	177	653	209	614	229
PKLR,1.0,155262979	863	94	875	90	876	90	827	141	839	120
KSR2,12.0,118199001	91	41	104	24	112	43	84	56	128	48
SNX30,9.0,115580126	437	161	513	146	485	180	385	252	452	239
NSD1,5.0,176671347			877	44					904	56
KIAA1751,1.0,1916758	730	227	772	173	729	226	713	231	751	206
FAM190A,4.0,91321205									888	69
HSPD1,2.0,198361690	585	104	650	77	748	79	573	165	676	166
USP3,15.0,63850301					818	126				
RHOBTB3,5.0,95067660			887	34	809	94				
LOC100190938,17.0,40913022	385	61	371	47	470	59	424	145	465	118
C10orf108,DIP2C,10.0,696437	677	260	699	233	679	269	574	375	580	348
ZNF486(dist=50855),ZNF826P(dist=91239),19.0,20359839	664	224	769	154	720	194	567	362	647	287
TPCN1,12.0,113710605	173	210	234	194	165	231	86	286	145	267
ZNF414,19.0,8575683			546	18	518	34				
ROR2,9.0,94486562			675	73					765	49
SCGB2A2,11.0,62037795	645	176	666	130	619	158	673	242	703	165
ANKK1,11.0,113268747	472	158	493	140	498	166	462	261	497	205
ZNF295,21.0,43414000							747	45		
MARCO,2.0,119731940	753	185	716	171	748	188	668	267	691	231
PSMD13,11.0,247389	728	238	766	207	762	193	682	274	770	189
IMPDH1,7.0,128033233			489	34	437	57				
TYRP1,9.0,12695714	764	47								
PLTP,20.0,44538313	859	40								
GRIK3,1.0,37325568	752	184	815	132	808	123	709	237	710	243
ATL2,2.0,38537409	422	160	432	165	397	200	328	225	397	182
C12orf43,12.0,121454219	729	211	771	127	747	132	667	274	565	334
COL6A3,2.0,238280412	785	169	809	140	820	136	806	140	727	231
NEB,2.0,152361904	746	169	758	165	679	243	702	267	677	199
VLDLR,9.0,2645017			868	31	856	68				
C7orf33,7.0,148288014	733	172	790	154	753	174	728	232	707	195
