gene_id	12	12	14	14	15	15	17	17	18	18
LONRF2,2.0,100911933	683	137	575	99	609	88	651	113	628	109
CACNA1F,X,49072908					194	9				
TUBD1,17.0,57941133	634	64	583	43	596	33	600	42	577	44
PDCD11,10.0,105160144	381	84	326	61	363	68	338	52	326	49
ADAM21P1,14.0,70713759	862	55	893	63	895	44	864	55	877	46
NRXN1,2.0,51254673	787	127	850	69	858	73	840	96	852	68
PPM1D,17.0,58678223	734	68	610	68	688	49	670	45	641	67
SNX4,3.0,125223414	541	60	490	41	463	35	476	35	498	49
RPTOR,17.0,78867449	319	137	274	92	292	59	248	102	238	115
LOC642236,9.0,68452937	565	57	442	39	497	29	425	51	508	28
ARAP3,5.0,141059682	418	55	385	23	348	26	334	23	381	23
FAM171A1,10.0,15290777	404	27	390	7	364	11	368	4		
ITSN1(uc002ysx.3:exon8:c.513-2A>G,uc002ysz.3:exon8:c.624-2A>G,uc010gmg.3:exon8:c.513-2A>G,uc002ysw.3:exon8:c.624-2A>G,uc010gmi.3:exon8:c.513-2A>G,uc010gmj.3:exon7:c.276-2A>G,uc002ysy.3:exon8:c.624-2A>G,uc002yta.1:exon8:c.624-2A>G,uc002ytb.1:exon8:c.624-2A>G,uc002ytc.1:exon7:c.624-2A>G,uc010gmk.3:exon7:c.513-2A>G,uc002ytj.2:exon7:c.624-2A>G,uc002yte.3:exon5:c.426-2A>G,uc021wip.1:exon3:c.306-2A>G),21.0,35127600	595	41	534	42	520	21	497	31	546	30
COL6A2,21.0,47537279	819	83	695	65	739	52	749	79	719	59
RGS6,14.0,72457699	814	104	677	69	791	49	778	65	773	62
ZNF646,16.0,31094270	843	83	807	55	819	26	797	52	812	52
PCNXL2,1.0,233388288	273	91	237	43	243	55	256	41	196	47
PPP1R16A,8.0,145725585	594	138	471	114	572	90	491	123	469	84
CATSPERG,19.0,38853266	116	19	116	13	104	17	106	20	107	16
SOX5,12.0,23696151	722	163	614	123	664	130	594	148	611	109
DENND5B,12.0,31605136	819	96	820	70	824	86	816	70	852	64
DSE,6.0,116758326	615	66	578	45	630	48	580	44	606	44
PPFIA1,11.0,70194462	879	69	836	59	827	48	854	78	823	62
JA660597(dist=291601),UBE2MP1(dist=146667),16.0,34257135	868	74	853	54	860	47	852	70	863	68
NTSR2,2.0,11802268	440	40	407	34	376	29	370	35	357	46
BTBD1,15.0,83687467	735	156	704	143	782	116	705	121	702	111
EFNA2,19.0,1295565	496	20					356	5		
NONE(dist=NONE),ANKRD26P1(dist=100642),16.0,46402607			416	12	392	4	397	6	446	5
FBXO2,1.0,11709981	608	169	524	169	598	109	507	136	557	136
