gene_id	12	12	14	14	15	15	17	17	18	18
LONRF2,2.0,100911933	192	61	171	23	146	21	139	26	161	29
CACNA1F,X,49072908					104	14				
TUBD1,17.0,57941133	269	26	172	15	188	18	188	14	187	19
PDCD11,10.0,105160144	190	47	101	19	139	25	114	19	112	23
ADAM21P1,14.0,70713759	467	56	322	22	423	37	363	27	349	21
NRXN1,2.0,51254673	201	27	108	9	180	11	139	17	133	23
PPM1D,17.0,58678223	194	17	153	21	199	27	183	21	183	13
SNX4,3.0,125223414	148	13	116	8	152	11	106	6	147	17
RPTOR,17.0,78867449	114	54	50	32	61	26	55	28	58	20
LOC642236,9.0,68452937	232	16	136	8	175	6	229	20	187	20
ARAP3,5.0,141059682	228	32	208	22	222	9	210	20	222	18
FAM171A1,10.0,15290777	135	13	116	0	151	2	106	3		
ITSN1,21.0,35127600	234	15	154	17	185	12	185	13	180	17
COL6A2,21.0,47537279	116	14	96	12	143	18	129	12	114	7
RGS6,14.0,72457699	132	18	103	7	92	10	96	20	74	4
ZNF646,16.0,31094270	302	28	240	6	281	15	282	16	296	10
PCNXL2,1.0,233388288	182	80	106	24	138	41	125	32	150	41
PPP1R16A,8.0,145725585	177	36	80	17	116	15	113	31	120	18
CATSPERG,19.0,38853266	233	46	173	34	240	36	182	30	203	39
SOX5,12.0,23696151	243	53	161	39	168	24	169	48	181	47
DENND5B,12.0,31605136	429	34	312	20	350	21	330	28	304	37
DSE,6.0,116758326	158	11	138	14	155	16	123	7	140	9
PPFIA1,11.0,70194462	503	53	312	23	382	27	426	44	417	30
JA660597(dist=291601),UBE2MP1(dist=146667),16.0,34257135	249	26	176	15	214	21	214	18	188	15
NTSR2,2.0,11802268	219	15	174	15	182	19	163	15	154	10
BTBD1,15.0,83687467	330	71	227	38	228	37	234	36	249	45
EFNA2,19.0,1295565	253	15					246	4		
NONE(dist=NONE),ANKRD26P1(dist=100642),16.0,46402607			23	0	29	0	63	0	36	1
FBXO2,1.0,11709981	186	61	155	40	177	29	160	46	169	35
