gene_id	11	11	14	14	16	16
HEATR7B2,5.0,41039005	706	150	710	161	466	110
FAM21C,10.0,46281030	395	98	431	66	237	41
NME7,1.0,169293537	545	141	527	139	441	77
ABCF1,6.0,30550809	738	225	799	157	783	170
AP4M1,7.0,99699527	651	231	625	229	498	209
RAD54L2,3.0,51667926	399	197	456	162	350	110
PTPN21,14.0,88951437	754	204	801	169	767	155
COL19A1,6.0,70642708	596	198	768	199	454	127
AB231703,11.0,64833998	689	186	799	133	541	112
RAP1GAP,1.0,21939814	370	110	347	113	254	63
PFAS,17.0,8160150	691	127	901	60	622	78
CKM,19.0,45810232	319	32	421	14	343	9
AIM1L,1.0,26665033	501	81	648	73	410	47
SIGLEC10,19.0,51918061	654	247	656	245	574	236
KPNA1,3.0,122182832	484	204	547	188	342	110
DRP2,X,100507734	664	166	570	133	415	79
TTN,2.0,179580421	699	190	846	85	705	124
ASB15,7.0,123276954	645	281	694	247	483	169
PLK5,19.0,1528142	633	157	675	109	536	96
GNAO1,16.0,56279373	678	276	664	279	542	189
FNDC1,6.0,159653591			891	44		
MMS22L,6.0,97715820	492	190	623	155	426	93
GRXCR1(dist=555999),KCTD8(dist=587246),4.0,43588674	443	516	430	543	480	449
SPEG,2.0,220343719	275	114	292	145	201	81
CBS,21.0,44476094	319	257	382	300	240	172
GRIN2A,16.0,10031924	757	154	849	108	780	150
HTR7,10.0,92503477	374	42	441	5	290	15
DPM3,1.0,155112801	681	116	743	82	559	67
PSD2,5.0,139216391	628	37	740	9		
BEGAIN,14.0,101012852	706	170	735	148	545	123
GGT6,17.0,4463016	720	191	734	202	729	186
LMCD1,3.0,8590233	668	259	682	261	596	271
CD40LG,X,135741382	848	129	877	89	866	97
VPS13B,8.0,100514046	690	248	701	184	515	160
OVGP1,1.0,111969772	757	206	755	200	672	224
SSX5(dist=17843),SSX1(dist=40755),X,48074042	758	187	822	127	634	93
EGFR,7.0,55259515	307	380	345	392	274	244
C15orf52,15.0,40633086	552	171	634	209	405	105
VPS4B,18.0,61078745	681	272	692	220	580	155
PLEKHM1P,17.0,62830433	758	208	735	219	610	161
HDGFL1,6.0,22570545	710	228	814	144	728	220
SPATA5,4.0,124177208	794	188	832	157	782	183
ZNF543,19.0,57840348	326	97	417	68	277	50
PFAS,17.0,8160149	695	124	900	59	629	79
CBFA2T3,16.0,88945810	925	18				
SLC35C2,20.0,44985235	468	178	518	177	307	115
LOC146336,16.0,1116427	872	62	885	50	869	55
SCN3B,11.0,123504698	458	153	491	206	335	146
RSAD2,2.0,7027287	478	199	658	225	413	130
LCT,2.0,136594241	634	151	777	117	517	86
SPATA6,1.0,48790868	890	46	899	68	863	76
COL6A6,3.0,130353496	590	229	644	241	396	168
ATG9A,2.0,220089904	436	175	474	223	352	116
SMURF1,7.0,98654967	436	88	461	66	298	61
NM_001162367,7.0,150446794	884	75	879	72	896	59
LOX;LOX,5.0,121405748	751	184	780	184	570	127
CST11,20.0,23432530	585	355	648	249	593	203
OR14A16,1.0,247978337	469	405	460	415	465	358
PFAS,17.0,8167192	865	86			797	25
KIAA1522,1.0,33233495	821	122	817	113	703	83
CUTC,10.0,101499599	708	166	774	106	572	97
