gene_id	11	11	14	14	16	16
HEATR7B2,5.0,41039005	117	28	100	35	186	39
FAM21C,10.0,46281030	54	14	72	18	114	12
NME7,1.0,169293537	103	27	92	46	221	57
ABCF1,6.0,30550809	135	26	139	31	249	55
AP4M1,7.0,99699527	66	23	119	31	141	48
RAD54L2,3.0,51667926	55	23	73	34	142	34
PTPN21,14.0,88951437	100	38	127	37	233	63
COL19A1,6.0,70642708	33	6	48	14	82	18
AB231703,11.0,64833998	66	9	74	11	115	20
RAP1GAP,1.0,21939814	58	25	50	5	111	29
PFAS,17.0,8160150	80	18	114	10	154	20
CKM,19.0,45810232	85	10	112	0	153	14
AIM1L,1.0,26665033	66	14	108	9	156	21
SIGLEC10,19.0,51918061	140	55	171	67	252	89
KPNA1,3.0,122182832	77	42	98	35	189	64
DRP2,X,100507734	37	14	52	21	121	36
TTN,2.0,179580421	326	70	421	47	635	105
ASB15,7.0,123276954	56	22	69	14	129	41
PLK5,19.0,1528142	85	31	138	28	191	41
GNAO1,16.0,56279373	56	20	59	27	101	24
FNDC1,6.0,159653591			261	17		
MMS22L,6.0,97715820	27	13	44	25	104	20
GRXCR1(dist=555999),KCTD8(dist=587246),4.0,43588674	95	143	134	153	181	172
SPEG,2.0,220343719	43	28	81	32	97	66
CBS,21.0,44476094	97	88	138	99	248	166
GRIN2A,16.0,10031924	264	62	244	35	432	76
HTR7,10.0,92503477	148	8	173	3	248	6
DPM3,1.0,155112801	163	23	205	32	324	54
PSD2,5.0,139216391	190	14	218	5		
BEGAIN,14.0,101012852	168	36	180	45	305	67
GGT6,17.0,4463016	45	10	70	15	91	14
LMCD1,3.0,8590233	93	43	112	51	246	83
CD40LG,X,135741382	402	59	509	40	678	81
VPS13B,8.0,100514046	99	27	140	35	268	55
OVGP1,1.0,111969772	89	26	110	24	168	32
SSX5(dist=17843),SSX1(dist=40755),X,48074042	302	69	451	82	686	100
EGFR,7.0,55259515	92	100	87	78	145	148
C15orf52,15.0,40633086	130	29	126	39	192	56
VPS4B,18.0,61078745	145	70	200	72	415	127
PLEKHM1P,17.0,62830433	89	25	110	15	168	43
HDGFL1,6.0,22570545	97	22	96	15	135	44
SPATA5,4.0,124177208	168	50	215	53	381	104
ZNF543,19.0,57840348	194	45	200	26	329	60
PFAS,17.0,8160149	80	16	115	11	159	19
CBFA2T3,16.0,88945810	145	8				
SLC35C2,20.0,44985235	47	14	87	17	118	31
LOC146336,16.0,1116427	263	18	260	14	445	33
SCN3B,11.0,123504698	45	14	52	19	127	36
RSAD2,2.0,7027287	129	50	201	74	357	120
LCT,2.0,136594241	149	28	162	21	291	54
SPATA6,1.0,48790868	271	22	261	16	461	45
COL6A6,3.0,130353496	47	17	70	16	121	42
ATG9A,2.0,220089904	66	26	72	17	111	41
SMURF1,7.0,98654967	128	34	171	49	311	42
NM_001162367,7.0,150446794	301	35	387	33	635	40
LOX;LOX,5.0,121405748	87	34	147	29	208	55
CST11,20.0,23432530	91	53	133	58	216	81
OR14A16,1.0,247978337	109	77	126	84	259	159
PFAS,17.0,8167192	229	18			449	18
KIAA1522,1.0,33233495	246	54	254	50	494	64
CUTC,10.0,101499599	129	35	195	36	351	56
