gene_id	12	12	13	13	14	14	15	15	18	18
ABCA13,7.0,48414094	602	249	453	123	624	194	738	192	663	190
CD300E,17.0,72613269			673	21					912	13
CDH18,5.0,20304405	698	230	468	124	734	169	752	160	760	166
RBMS2,12.0,56962788	732	233	799	157	789	186	804	169	806	161
EMR1,19.0,6937518	315	493	314	237	501	285	524	407	557	373
SLC16A12,10.0,91203635	162	162	145	66	242	63	237	118	195	121
PCDH11X,X,91134115	516	297	522	161	719	190	787	189	753	211
TNRC6B,22.0,40662792	809	134	816	102	833	103	848	86	809	110
NIPBL,5.0,37000453	490	176	359	81	533	108	544	128	527	109
TRPM2,21.0,45821621	680	229	666	168	776	165	755	187	756	179
MIR892A,X,145078222	359	161	290	98	470	87	619	157	540	154
C3orf39,3.0,43121531	623	305	677	249	751	181	748	197	745	196
LRP1,12.0,57594322	635	229	561	127	711	145	757	148	735	181
TPTE,21.0,10944626	752	63	497	63	762	54	791	60	822	75
CCT6A,7.0,56126368	530	92	396	76	646	84	667	85	706	84
PKHD1,6.0,51523796	158	809	222	726	315	659	298	675	257	714
USP1,1.0,62916537	362	133	286	74	374	111	431	100	464	108
POTEH(dist=126394),OR11H1(dist=34493),22.0,16414331	282	106	329	75	338	87	309	72	292	75
PATE1,11.0,125616344							827	9	788	13
JA660597(dist=334861),UBE2MP1(dist=103407),16.0,34300395	420	193	404	105	561	135	619	144	577	152
GAPDHS,19.0,36027700	722	206	570	112	799	130	755	168	782	140
OR2L13,1.0,248185202	587	210	450	107	666	123	783	166	795	155
NPFFR1,10.0,72014716	569	93	474	40	564	91	727	112	703	82
CKM,19.0,45815214	819	52			674	28				
TSPEAR,21.0,45949614	760	77								
ATRX,X,76890264	399	44	301	19	380	56	424	81	453	43
abParts,14.0,106330474	207	183	185	129	272	107	341	154	328	154
SBF2,11.0,9985389	467	226	410	125	609	145	634	174	720	172
SEC24A,5.0,134053764	547	268	423	148	613	176	738	185	719	177
KDM4B,19.0,5070972	346	597	442	450	517	426	516	426	508	437
GJA8,1.0,147380380	450	129	341	81	453	107	514	105	497	105
SCN10A,3.0,38830570	459	178	357	80	500	128	559	128	580	130
GLP1R,6.0,39033765	176	754	199	556	285	653	305	635	276	658
GATAD2A,19.0,19605143	726	201	705	131	774	138	788	142	790	139
LOC100133315,11.0,71625382	832	131	471	58	722	123	806	86	772	87
DLGAP3,1.0,35351776	327	345	291	227	408	235	432	257	461	254
MYL2,12.0,111358336	709	185	645	145	759	150	721	172	781	141
HSPG2,1.0,22205179	544	210	399	100	628	136	649	133	680	164
AF279782(dist=91829),GRM7(dist=32552),3.0,6870250	494	157	340	42	539	107	635	111	604	108
TNNT1,19.0,55652540	483	128	320	67	441	82	564	78	488	73
abParts,22.0,22698128	437	137	310	52	384	88	446	99	491	50
CCDC73,11.0,32674813	362	610	311	388	456	465	423	548	420	549
CALY,ZNF511,10.0,135139818	478	17								
TRO,X,54955706	297	33			301	28				
HSP90B3P,1.0,92109464	896	12	652	13	921	14	947	17	951	12
VAMP7,X,155119154	818	141	839	98	861	73	821	130	903	76
BEND2,X,18189098	636	279	538	161	767	165	764	175	748	203
RAB9BP1(dist=1443727),EFNA5(dist=833064),5.0,105879526	173	147	164	119	295	114	302	186	315	172
WDR64,1.0,241920639	746	202	616	158	793	158	784	162	796	157
EPB42,15.0,43513030	362	136	263	87	377	96	441	94	436	104
COL1A2,7.0,94037726	414	181	384	105	471	112	522	135	541	135
FAM155B,X,68725155	326	200	264	98	418	130	478	134	443	131
AX746964,5.0,140242855	647	291	705	231	727	187	754	183	727	217
PLB1,2.0,28851915	703	220	614	130	783	134	749	154	758	165
FHL5,6.0,97058666	801	145	658	59	899	73	868	96	865	109
BRD2,6.0,32939958	123	176	113	95	186	101	230	149	200	99
ESR1,6.0,152265466	445	421	327	235	483	319	486	298	521	333
SHPRH,6.0,146261834	679	95	467	49	648	85	717	85	716	86
SYPL2,1.0,110020601	535	175	491	88	596	138	757	144	713	117
BRD2,6.0,32939957	124	174	110	95	184	101	227	148	196	96
TLE4,9.0,82339948	260	511	251	282	444	360	456	388	467	420
GBA,GBAP1,1.0,155205914	499	444	425	251	567	289	614	341	637	309
BV13S6J2.1,TCRBV13S6A2T,7.0,142162146	477	180	397	93	539	178	645	147	573	159
NM_001162367,7.0,150487798	616	99	465	28	714	24	831	38	848	13
JMJD1C,10.0,64974883	497	119	338	74	587	58	677	82	648	94
BC038194,1.0,159402358	841	120	824	69	923	40	929	35	939	28
SYCP2,20.0,58494517	388	342	356	185	483	234	534	272	524	333
OCRL,X,128691405	532	129	441	41	640	26	674	110	708	78
PLEKHA1,10.0,124166029	611	166	434	92	716	79	796	126	739	154
ALK,2.0,29525606	871	101	815	94	861	88	883	80	911	64
METTL2A,17.0,60526111	502	125	402	90	519	87	555	105	644	106
ZNF407,18.0,72776160	736	181	736	153	796	126	794	134	786	147
MMRN1,4.0,90849156	482	127	356	64	506	93	551	76	599	98
SYT5,19.0,55687395	796	141	705	122	828	105	825	112	784	126
MIR890,X,145075796	491	118	390	38	557	65	600	139	624	75
NEUROD1,2.0,182543120	304	157	282	77	353	99	451	115	430	103
AK094599,2.0,133070265	760	154	726	104	830	97	847	94	812	118
TRPS1,8.0,116631649	810	149	713	107	817	105	850	111	784	161
BRCC3,X,154344467	669	123	495	41	649	71	755	119	758	75
NWD1;NWD1,19.0,16842089	550	210	409	119	579	120	711	171	647	171
NID1,1.0,236201370	746	210	775	169	794	160	794	166	775	178
DHX38;DHX38,16.0,72135399	678	251	525	143	768	185	767	182	758	178
CD109(uc003phq.3:exon7:c.758+2T>G,uc003php.3:exon7:c.758+2T>G,uc010kba.3:exon6:c.527+2T>G),6.0,74468753	626	157	462	49	645	101	716	98	691	93
SYT10,12.0,33535257	692	204	586	114	778	136	768	156	732	167
C3orf25,3.0,129137060	420	194	383	75	481	124	582	130	507	145
ITGA3,17.0,48156301			296	15					458	26
SMURF2,17.0,62579552	856	17	604	19	847	36			885	17
LRRIQ3,1.0,74507293	884	82								
PLCB4,20.0,9391697	784	21	477	66	675	65	752	147	718	143
MICAL3,22.0,18299278	691	216	675	120	703	173	762	146	723	179
NPNT,4.0,106833291	485	39			504	33				
MAP1B,5.0,71494838	273	147	256	53	322	89	461	102	420	110
NELL1,11.0,21594863	651	295	575	152	768	184	754	213	773	189
FNDC7,1.0,109270841	418	316	310	219	458	191	584	244	535	243
DLGAP1,18.0,3874382	629	250	496	140	709	146	723	220	756	173
ZCCHC5,X,77913702	394	13	271	45	426	47	454	94	414	91
ZNF783,7.0,148979212	470	200	424	143	562	181	645	186	626	186
DNAH17,17.0,76421341	489	148	341	107	500	100	580	135	534	129
VRTN,14.0,74824137	284	474	304	276	437	303	464	351	504	367
OR5D18,11.0,55587493	538	208	388	112	609	127	716	164	700	164
IFFO2,1.0,19243642	280	267	227	135	286	204	382	227	328	222
ADNP2,18.0,77895308	764	183	805	129	796	128	828	136	830	124
C6,5.0,41172436	595	169	446	97	696	120	726	123	744	134
TRPC5,X,111024426	538	14	395	30	624	22	707	97	699	71
DOCK4,7.0,111617253	613	259	472	132	717	186	746	199	733	199
DOCK9,13.0,99554682	662	66								
TDRD1,10.0,115973275	646	147	444	144	710	107	755	112	783	151
IFI16,1.0,159021623	746	207	592	120	784	165	826	137	807	153
DNAH11,7.0,21611469	502	134	398	70	562	62	621	83	591	73
MIB1,18.0,19424182	739	207	497	113	735	140	782	135	804	140
NEUROG3,10.0,71332668	404	446	352	256	643	221	618	284	576	341
RNASE1,14.0,21270122	240	104	171	58	286	84	337	68	310	76
AP3B2,15.0,83348985	680	253	623	209	695	229	697	227	688	223
PLCG2,16.0,81960800	694	247	441	118	678	121	766	157	783	145
CENPE(uc003hxb.1:exon7:c.559+1G>C,uc003hxc.1:exon7:c.559+1G>C),4.0,104115759			417	13	527	39	634	11		
ADCK1,14.0,78367038			563	7			937	22		
NLRP2,19.0,55493791	527	87	372	53	564	81	679	67	624	68
SYTL1,1.0,27674040	905	20	794	127	877	60	800	129	785	150
B3GALT4,6.0,33246261	424	263	371	114	529	153	622	183	607	175
BCL7B,7.0,72951623	227	88	173	46	215	41	224	75	228	60
PCSK4,19.0,1483732	292	127	226	90	269	86	338	94	330	108
DQ571479(dist=25811),CCT8L2(dist=16194),22.0,17055454	671	185	501	89	721	103	757	103	747	134
KRTAP20-3,21.0,32015142	357	115	234	71	407	93	401	127	421	106
ZXDB(dist=80599),ZXDA(dist=227355),X,57704509	288	314	249	167	390	210	441	246	426	287
DCST1,1.0,155018878	611	183	432	84	603	98	683	133	645	144
Mir_548,8.0,105496656	336	79	265	29	343	51	452	58	428	53
FOLH1(dist=161703),LOC440040(dist=188155),11.0,49391925			326	5						
NCOR1,17.0,15965512	768	78			767	60				
PIWIL1,12.0,130847696	416	323	328	165	407	220	531	268	568	257
SLC2A8,9.0,130167868	837	24	602	15	804	62	921	14	932	10
FBN3,19.0,8162237	162	88	132	37	209	63	229	46	216	63
CNBD1,8.0,88394864	447	87	275	48	400	57	495	78	535	83
EBF1,5.0,158139357	383	47			462	28	541	6		
BAGE2,BAGE5,21.0,11039449	868	120	876	106	896	85	912	76	913	74
NUP210,3.0,13417094	697	187	487	84	710	140	828	113	764	139
NBEAP1(dist=48071),DQ573684(dist=24354),15.0,21009551	767	39	831	19	776	9	732	9		
TRPM2,21.0,45837968	400	157	272	88	429	85	459	111	482	113
ZRANB3,2.0,136026598	235	202	183	100	400	131	382	124	361	171
HAPLN3,15.0,89424557	682	242	622	195	710	227	733	206	746	195
MTCP1,X,154294227	693	51			680	25				
VN1R4,19.0,53770864	627	290	406	138	575	189	616	208	612	243
PCDH7,4.0,30723971	696	247	749	178	769	170	790	157	763	169
HSPG2,1.0,22217107	697	225	646	200	724	168	731	186	748	172
INTS5,11.0,62415812	662	283	525	185	709	209	739	196	735	198
ECEL1,2.0,233347898	568	161	530	129	642	154	657	124	701	129
ERMP1,9.0,5832956	376	293	340	143	554	206	667	208	543	240
SCFD1,14.0,31097526			911	51					943	46
CCDC56,17.0,40950539	607	186	571	96	640	134	714	121	649	110
SRSF4,1.0,29485900	715	216	619	143	760	168	800	157	811	132
CDH11,16.0,65005561	764	184	747	118	831	136	822	139	812	147
KIAA1199,15.0,81173308	355	150	257	69	426	111	500	127	530	136
HSP90AA6P,4.0,171526212	297	181	278	114	504	131	486	168	494	168
GABRA4,4.0,46994906	591	168	501	114	655	127	736	152	764	143
HYAL4,7.0,123508561	236	117	181	56	313	74	323	100	354	92
TP73,1.0,3599763	158	258	138	135	222	193	219	243	220	203
UNC13D;UNC13D,17.0,73839154	273	85	215	61	292	69	344	75	315	86
ATG16L1,2.0,234198580	886	66			918	28				
APOB,2.0,21245977	760	199	615	117	810	134	815	135	804	155
FAM122C,X,133955473	811	162	692	72	929	33	837	115	886	85
TEX13A,X,104464242	204	3	149	8	207	8	238	33	256	35
ZNF549,19.0,58042540	837	9	532	50	782	48	839	84	820	88
ERI1,8.0,8866474	691	165	462	85	637	138	698	129	772	132
ZNF658(uc010mmm.2:exon5:c.238+1G>C,uc004abs.2:exon5:c.238+1G>C,uc010mmn.1:exon5:c.238+1G>C),9.0,40784106	326	140	259	71	401	86	454	104	424	103
ANK2,4.0,114095710	627	239	479	119	723	160	777	179	751	196
PDDC1,11.0,771023	466	145	409	103	507	127	619	139	583	129
GALNTL6,4.0,172735667	190	130	208	73	291	90	384	115	363	135
ARHGEF12,11.0,120310737	252	387	238	192	387	232	441	277	446	284
PNMA5,X,152158866	759	145	735	71	803	118	796	141	847	101
MAPK8IP2,22.0,51045452	725	188	727	162	793	127	799	115	803	120
DNMT3A,2.0,25463202	603	188	519	99	618	134	748	154	704	130
KIF21B,1.0,200946410	398	120	287	62	359	72	464	99	420	115
DQ571479(dist=33825),CCT8L2(dist=8180),22.0,17063468	599	205	406	80	631	122	761	111	695	131
ABCA5,17.0,67305539	541	142	386	76	566	105	598	103	531	129
DPP10,2.0,116599926	273	487	334	174	460	301	537	330	523	332
SEPT11,4.0,77949961	728	223	637	128	802	140	802	164	790	177
ANXA4,2.0,70047876	274	699	359	602	402	553	418	555	389	563
TMPRSS11F;TMPRSS11F,4.0,68935688	776	170	621	92	805	137	845	103	833	132
CDK13,7.0,40133929	621	143	472	92	618	123	691	127	720	157
NR4A3,9.0,102626000	220	483	213	288	321	414	358	386	339	406
DQ571479(dist=87735),IGH(dist=233234),16.0,33414218	577	325	576	266	670	228	644	234	650	236
DNAH5,5.0,13871690			724	20					898	35
POM121L12,7.0,53104165	784	154	870	48	871	78	890	53	914	29
Mir_548(dist=62734),ELTD1(dist=139887),1.0,79215562	772	149	540	131	798	147	782	156	762	137
LAMA1,18.0,6977776	382	132	314	55	420	98	477	107	425	109
DEPDC4,12.0,100660761	842	53	624	18	878	10				
TIAM1,21.0,32491087	154	72	135	21	212	38	233	53	229	60
ATP2B4,1.0,203671403	421	24			412	21				
ANO7,2.0,242151587	771	183	773	156	787	147	805	149	792	167
KATNAL2,18.0,44500213	795	131	644	99	831	124	830	137	818	115
UBC,17.0,21731385	782	133	808	81	834	87	864	77	840	96
NSUN6,10.0,18834926	566	192	420	74	672	115	665	118	712	106
GLB1L3,11.0,134147647	502	6	349	19	530	40	578	11	538	11
TCRVB,7.0,142459899	591	270	614	212	700	189	706	182	673	209
UBE2NL(dist=953972),SPANXN1(dist=406778),X,143922329	591	140	492	51	689	93	794	136	810	95
EYS,6.0,64430825	688	175	472	78	705	138	734	142	739	154
DNAH9,17.0,11547982	438	213	325	96	570	117	564	112	539	130
MCMBP,10.0,121602904	354	111	293	46	389	62	522	73	446	95
RHBDD1,2.0,227773492	523	407	438	225	590	259	593	303	607	304
ZNF207,17.0,30685473	489	155	380	70	559	109	537	114	615	110
BNC1,15.0,83926593	611	210	503	138	706	193	743	196	758	169
ISY1,ISY1-RAB43,3.0,128879996	684	268	533	161	734	199	730	213	700	242
IFT52,20.0,42264608	593	341	464	210	662	252	703	230	650	290
KIF1A,2.0,241713436	310	94	214	43	289	57	339	69	315	83
CD226,18.0,67614244	734	226	744	218	730	223	758	204	734	228
ASPG,14.0,104559860	501	174	406	125	577	115	707	156	606	161
AGAP2,12.0,58125351	730	191	518	109	750	144	777	153	806	131
AGAP2,12.0,58125352	718	191	522	108	748	141	772	154	804	130
POU3F4,X,82764212	505	35	373	22	520	51	649	113	606	67
LPO,17.0,56321292	639	147	409	91	586	112	687	145	694	171
PCDH15,10.0,55826477	492	171	391	87	541	74	587	93	644	118
DENND4B,1.0,153913140					299	7				
ZNF681,19.0,23927870	433	111	356	59	459	76	556	83	576	85
HDGF,1.0,156714748	695	217	587	114	721	121	795	141	721	144
HUNK,21.0,33318438	467	138	306	96	563	95	576	120	554	117
RARRES2,7.0,150036182	259	145	194	80	292	91	344	96	356	112
KEAP1,19.0,10610498	301	462	298	250	396	314	499	360	490	353
GDF7,2.0,20870389	681	188	440	105	657	128	744	146	743	161
ZMYND19,9.0,140483235	231	403	204	204	353	285	444	337	376	339
HSPA2,14.0,65009437	291	399	245	250	404	273	446	308	433	330
UGT3A1,5.0,35965888	587	169	440	79	547	104	617	120	708	122
CCDC28B,1.0,32667569	513	204	369	111	535	151	650	140	596	126
FAM129A,1.0,184764923	576	153	453	101	649	140	748	135	663	135
BC133032,1.0,237167485	742	187	561	91	803	135	777	161	788	161
AARSD1,17.0,41123677	815	88	750	26	875	27	879	27	903	19
CACNA1E,1.0,181724405	752	210	794	160	775	180	800	166	793	186
ANKRD30BP2,21.0,14414965	571	89	627	71	695	75	705	87	743	91
CSMD2,1.0,34158587	620	187	412	105	669	121	725	160	722	164
TMSB15B,X,103219989	545	8	409	26	646	21	723	69	695	71
HCRTR2,6.0,55105577	349	258	347	189	565	188	648	202	612	193
KCNQ2,20.0,62103645	277	229	221	125	336	156	388	195	346	174
SAGE1(dist=31739),MMGT1(dist=17271),X,135026960	428	250	362	138	485	167	629	158	585	172
CALCOCO1,12.0,54117472					511	16				
RPS29,14.0,50044436	385	537	342	253	531	351	575	365	556	323
OR2T3,1.0,248637612	911	48	901	39	897	53	890	74	886	76
APOBEC3D,22.0,39421266	306	288	283	174	387	201	421	219	416	188
OVOS2,12.0,31279395	707	175	464	98	714	123	753	134	762	145
APOB,2.0,21238206	945	20	802	126	870	85	858	108	850	122
CDC123,10.0,12292424	433	9	246	31	398	32	372	75	459	53
PDE4D,5.0,58271726	419	6								
UBC,17.0,21731357	779	140	799	86	828	92	852	87	850	81
TIE1,1.0,43778971	573	34			558	36				
R3HDM2,12.0,57693998			334	34	493	38	511	63	531	81
FGF16,X,76709609	643	107	538	57	801	131	835	135	808	90
SLC28A3,9.0,86912077	376	329	309	142	447	207	537	255	538	301
LOC440040,11.0,49829275	510	163	393	99	586	139	617	140	681	180
XRN1,3.0,142139827	770	198	524	103	778	159	802	156	838	135
ICAM5,19.0,10405946	385	173	354	88	470	118	517	126	508	126
USH2A,1.0,216371685	734	226	796	160	792	156	804	144	788	167
ADCY2,5.0,7695879	747	201	600	103	808	118	814	127	790	155
MKLN1,7.0,131149277	382	192	364	108	514	140	599	128	557	154
FAM22F,9.0,97081403	135	49	90	30	106	38	167	36	129	31
TERF2,16.0,69400894	541	203	475	101	621	148	730	147	683	148
C1GALT1C1,X,119760591	663	8	527	29	793	24	837	118	818	58
EXOC3L1,16.0,67221511	665	263	707	158	731	186	742	170	741	181
PROSER1,13.0,39611395	439	148	298	86	430	95	570	133	545	146
RDH5,12.0,56117867	770	187	527	116	792	133	790	157	806	143
POM121L2,6.0,27278728	522	18			608	10				
NPAS3,14.0,34249840	752	225	738	217	813	154	780	177	781	197
PDGFA,7.0,539735	419	89	327	64	417	66	590	79	539	89
BNC2,9.0,16436995	615	270	513	142	688	196	734	199	735	207
CAND1,12.0,67699440	685	181	519	99	692	133	780	152	779	157
FAR1,11.0,13733583	668	253	522	175	728	202	735	160	726	188
RASSF4,10.0,45484778	608	203	476	58	663	131	758	124	813	108
ANKRD11,16.0,89347523	875	58			871	55				
KDM1A,1.0,23346214	228	63	173	31	210	65	251	46	257	53
OR2T10,1.0,248756803	405	55	278	30	394	54	462	78	447	68
EIF2C3,1.0,36501889	615	153	462	101	659	106	711	128	755	144
IGH,16.0,31973278	807	92	665	37	868	42	867	25	888	28
HSPG2,1.0,22179535	747	190	636	120	774	163	789	152	788	153
BTBD16,10.0,124034512	787	172	667	54	812	142	830	130	849	100
KY,3.0,134343904	702	61								
MAGEB10,X,27839923	791	93			875	45	857	9		
LOC255025,3.0,94656673	500	321	527	166	713	222	735	210	707	220
MAST1,19.0,12981565	262	447	271	286	405	329	439	339	440	334
LOC255025,3.0,94656675	502	313	515	167	721	227	729	208	709	221
DMGDH,5.0,78328684	364	104	292	87	479	49	469	108	484	135
PTPRS,19.0,5215482	105	200	116	110	149	129	196	169	175	158
GPR116,6.0,46851405	633	60								
STX2,12.0,131311827	460	110	301	61	432	61	454	85	476	89
CHRNB1,17.0,7352078	695	252	631	189	744	200	764	166	746	199
DARC(dist=72954),FCER1A(dist=10262),1.0,159249244	472	130	331	59	450	75	608	105	583	98
ADRB3,8.0,37823652	864	39	877	34	867	48	834	51	859	52
ANK2,4.0,114257058	420	204	345	89	551	164	573	161	561	152
SLC6A3,5.0,1406341	439	176	309	100	494	131	571	149	552	154
SYN2,3.0,12203132	615	157	404	63	561	105	617	114	625	116
ZNF92,7.0,64864352	187	74	173	28	199	52	268	57	258	83
KIF16B,20.0,16485012	701	229	610	129	800	159	794	170	771	191
ZNF648,1.0,182026094	732	211	638	175	769	184	786	152	800	139
APCDD1L,20.0,57036122	519	34								
DCXR,17.0,79994654	383	109	268	49	375	57	412	77	404	69
XIST,X,73065240			321	12					543	27
ATP5I,4.0,667101	694	253	726	43	857	89	910	55	926	38
GABRA3,X,151424350	636	199	438	107	578	145	742	174	750	171
MEI1,bK250D10.C22.8,22.0,42144284	728	62			681	42				
FCGR2A,1.0,161480797	739	189	590	107	712	136	805	139	785	158
UNC79,14.0,93990428	347	480	360	255	492	331	556	374	529	384
SPATC1,8.0,145095532	718	86	612	36	815	20	827	11	807	15
NTNG1,1.0,107691280	941	14	725	60	881	60	843	93	874	84
C6orf106(dist=18991),SNRPC(dist=41255),6.0,34683616							694	22		
METTL16,17.0,2344817	463	32	341	10	468	13			520	6
DSG2,18.0,29121095	494	227	323	114	457	148	583	141	546	171
PRR16,5.0,120022402	549	215	419	115	639	164	721	135	642	187
VPS35,16.0,46710680	734	158	507	105	737	117	702	124	780	158
MUC19(dist=26305),MUC19(dist=99512),12.0,40839340	395	384	305	177	561	250	545	243	618	294
RAB5A(uc003cbn.3:exon4:c.438+1G>T,uc011awg.2:exon4:c.396+1G>T),3.0,20017662	919	22			890	39				
FAF1,1.0,51005375			424	25					585	51
GATAD2B,1.0,153825562	739	228	764	204	816	151	780	191	783	174
ABCC8,11.0,17418620	543	218	391	132	568	148	632	182	588	161
TUBA3E(dist=32013),TRNA(dist=41864),2.0,130988047	297	232	336	132	505	181	564	221	497	196
NCS1(dist=224885),DKFZp434P0216(dist=36660),9.0,133224468	302	141	238	63	352	81	401	86	406	93
POLR3E,16.0,22328397	634	249	555	180	675	173	724	200	744	167
SETX,9.0,135204794	357	555	476	347	575	371	594	374	592	380
PALM3,19.0,14170066	572	144	444	96	602	119	684	120	641	122
CD1E,1.0,158324361	346	99	247	40	332	78	386	102	406	92
TREML4,6.0,41196455	138	705	133	384	241	479	294	495	229	556
MTA2,11.0,62363911	150	195	184	118	240	159	342	157	257	167
TRPM4,19.0,49700008	387	40			308	18				
TTC28,22.0,28395022	735	204	685	165	754	163	796	151	788	159
MLLT10,10.0,22020032	604	188	454	93	613	169	799	116	762	166
SKAP2,7.0,26729921	763	184	580	90	824	114	821	120	840	103
ANPEP,15.0,90347510	655	278	699	228	727	197	724	210	744	192
LOXHD1,18.0,44149449	585	369	484	248	648	293	676	279	681	272
OTUD4,4.0,146065059	462	192	410	82	557	130	545	119	591	146
BCHE,3.0,165555171	514	360	334	181	631	250	631	223	603	263
FLJ46481,4.0,5977687	463	184	406	26	551	48	706	45	687	32
NEB,2.0,152347084	644	269	528	173	750	181	754	200	724	222
FIGN,2.0,164467509	98	59	86	21	140	31	151	34	138	39
C1orf94,1.0,34663282	455	138	318	67	475	106	573	97	522	122
MYH13,17.0,10231314	613	16	376	49	582	55	603	89	538	111
DNAJC27,2.0,25180768	560	374	515	288	661	272	625	305	599	317
ZNF773,19.0,58011378	411	38			404	5	468	12		
KIF24,9.0,34271827	526	212	412	113	663	134	703	165	705	168
NDUFA4,7.0,10978563	345	285	299	169	428	207	466	233	516	240
AX747187,12.0,96988284	716	173	497	138	756	156	792	172	755	181
KRT18,12.0,53345882	386	85	286	69	372	57	403	94	417	86
C12orf77,12.0,25149208	691	237	549	116	770	173	783	165	811	136
SF3A2,19.0,2246809	257	480	234	247	384	308	445	357	397	349
C11orf46,11.0,30352502	636	187	482	108	649	120	714	118	741	154
ANKRD30B,18.0,14748484	406	191	361	82	539	121	571	154	559	147
ANO3,11.0,26574948	572	228	421	105	631	185	746	185	718	172
FKBP15,9.0,115936752	551	146	508	23	820	21	892	42	891	21
UTP20,12.0,101693781	879	68			908	50				
SMARCC2;SMARCC2,12.0,56572631	428	41			395	31				
TMEM233,12.0,120067592	634	200	469	102	676	112	691	161	710	165
ZIK1,19.0,58100024	824	137	814	129	817	146	819	147	833	136
DSC1;DSC1,18.0,28720264	704	37								
NLRP1(dist=141987),Mir_584(dist=36382),17.0,5629819	183	75	148	36	239	58	218	62	239	59
FAM20C,7.0,296889	244	72	217	33	269	35	350	65	310	57
KLRF2,12.0,10046181	521	157	346	59	491	107	556	113	580	116
NLRP12,19.0,54313430	595	333	501	204	651	245	726	245	653	286
ZNF451,6.0,56965837	497	86	533	7	700	10				
SERINC3,20.0,43128835	777	175	522	71	725	98	825	128	800	120
CSTT(dist=8473),CST9L(dist=14242),20.0,23531128	492	162	363	109	538	116	597	135	600	131
TIAM1,21.0,32598162	624	235	463	116	666	161	721	159	686	206
STAG1,3.0,136219105	880	21	525	68	806	61	840	111	823	114
SALL3,18.0,76757124	814	109	805	27	746	24	905	29	867	35
CPXM2,10.0,125558665	798	99	563	29	814	13	914	27	916	12
XIRP2,2.0,168103598	322	139	261	71	377	115	439	102	463	117
FAT4,4.0,126370665	574	195	431	115	667	136	723	175	648	163
NRBP1,2.0,27664071	699	81	433	55	658	76	640	100	718	97
MYOM2,8.0,2007413	780	156	634	118	796	152	801	134	805	145
C1orf105,1.0,172417410	720	194	540	107	725	152	766	147	742	144
DQ571479(dist=53724),IGH(dist=267245),16.0,33380207	857	93	650	57	878	77	877	71	862	79
VWA3A(dist=21097),TRNA_Leu(dist=17648),16.0,22189384	629	259	497	144	685	197	675	230	703	212
KIAA0889,20.0,35433120	638	193	430	113	603	128	730	175	754	140
FZR1,19.0,3526905	357	10	258	39	327	36	349	77	326	82
ACCN1,17.0,32366806	701	219	602	114	777	147	787	155	803	133
GLI3,7.0,42005555	901	40			886	38				
UBC,17.0,21731371	797	121	821	78	831	95	860	83	833	102
PTGDS,9.0,139874618	113	207	115	110	205	121	231	158	205	172
CMYA5,5.0,79054552	416	144	332	93	505	91	504	88	548	148
KIAA1324L,7.0,86554968	547	221	422	135	612	139	728	199	748	178
ERGIC2,12.0,29509318	487	477	493	211	699	253	671	252	663	281
RERE,1.0,8418680			670	15	791	44	808	32		
ITGB4,17.0,73724576	582	166	419	85	568	134	653	121	643	151
ANKRD65,1.0,1356288	613	16	368	73	569	50	682	124	600	121
MBP,18.0,74729131	754	161	601	116	830	88	815	134	815	122
B3GALT5,21.0,41033237					545	34				
IVL,1.0,152882779	483	137	254	62	406	92	456	114	443	82
PCDH19,X,99661877	473	9	359	26	573	25	622	88	586	64
OIT3,10.0,74684397	628	95	491	38	570	104	752	122	731	67
TSPAN5,4.0,99397483	396	546	390	340	559	385	556	379	540	377
CCDC91,12.0,28410059	527	441	447	221	644	300	621	349	663	296
SLFN14,17.0,33880426	463	305	352	160	547	248	560	296	538	303
DQ600701(dist=128176),C10orf112(dist=401139),10.0,19376884			655	19					912	46
ABCA8,17.0,66880565	773	56			773	34				
SMG1,16.0,18840649	480	176	369	112	491	131	555	145	590	137
LRP2,2.0,170097725	666	287	461	162	753	202	779	186	787	180
GNAL,18.0,11752412	348	103	237	64	350	69	427	88	404	70
DIO3AS,14.0,102024665	270	398	252	223	356	306	482	343	467	318
OPRM1;OPRM1,6.0,154411313	648	306	652	266	732	235	723	247	691	278
CLEC18A,PDPR,16.0,70165907	594	347	649	260	697	260	715	243	670	275
CDH9,5.0,26915918	760	207	810	155	799	169	813	157	825	149
PTCHD2,1.0,11595120	473	461	406	304	608	327	599	337	595	344
ACIN1,14.0,23540276	384	175	301	87	430	117	482	130	446	127
IPO8(uc010sjt.2:exon17:c.1653+2T>C,uc001rjd.3:exon21:c.2268+2T>C,uc001rje.1:exon8:c.735+2T>C),12.0,30802069	805	152	744	161	797	157	829	143	782	179
CDR1,X,139866390	825	147								
VWA5B2,3.0,183955059	647	174	440	78	656	111	704	133	669	136
PLXNA4,7.0,131913216	792	118	658	43	883	29	920	27	904	20
EFCAB4B,12.0,3747487	451	411	376	232	513	246	559	276	572	265
APOL4,22.0,36597788			548	35					789	25
PKHD1,6.0,51637576	890	87	862	76	892	71	873	87	902	63
CCDC30,1.0,43005023	374	587	360	300	550	401	524	443	562	409
DENND2C,1.0,115137217	549	165	393	89	504	124	645	128	632	124
ATAD2B,2.0,24118802	555	180	449	102	638	134	682	130	741	140
CD1E,1.0,158323269	723	213	461	103	726	148	780	156	748	173
VN1R2,19.0,53762393	799	142	688	97	858	88	803	144	842	122
DPY19L4,8.0,95756701	759	151	561	112	800	97	852	114	797	158
ZNF208,19.0,22156513	293	85	189	49	321	52	379	73	403	59
MUS81,11.0,65632736	627	276	482	150	741	181	754	181	744	178
CYP2C19,10.0,96609742	463	494	425	268	737	220	681	283	607	351
APBA2,15.0,29367085	695	276	520	163	743	226	773	189	770	199
SNX14,6.0,86224220	500	154	398	79	586	91	575	127	673	92
SPTA1,1.0,158597261	589	385	449	258	696	285	649	302	637	331
EXOC6B,2.0,72562177	441	501	428	386	550	408	513	436	503	442
OTOGL,12.0,80699519	384	311	277	196	482	242	501	261	532	311
ANXA2(dist=12783),DQ571524(dist=20689),9.0,33638315	657	229	501	106	669	191	782	159	785	170
PKD1L1,7.0,47851433	751	171	504	85	721	116	727	143	762	127
GPR78,4.0,8582860	570	371	376	264	601	322	542	390	538	394
FOXC1,6.0,1612186	423	64	363	69	499	72	594	109	546	93
RBL1,20.0,35717493			525	39					805	46
MAGEC2,X,141290673	660	287	585	202	818	140	780	183	743	220
KLHL1,13.0,70681780	301	122	227	58	341	79	396	81	398	82
CACNA1H,16.0,1265177	312	116	231	62	353	99	396	104	366	88
MAPRE2,18.0,32585537	947	14	583	27	840	27	861	57	899	62
DTL,1.0,212274404	718	227	676	123	760	153	807	126	763	172
MMP8,11.0,102586030	366	160	283	84	416	102	454	135	441	99
COL28A1,7.0,7550646	565	389	560	232	702	257	656	295	656	299
LINC00303,1.0,204006124	738	212	589	115	795	153	799	150	799	148
POU6F2,7.0,39379342	281	393	240	232	425	320	485	332	418	324
GRAMD3,5.0,125801035	307	457	311	217	497	302	530	325	518	345
TBC1D26,17.0,15645301	393	166	297	80	460	113	529	124	521	117
TMEM133,11.0,100863229	728	84	514	31	789	19	827	20	861	16
STMN4,8.0,27099968	459	402	375	217	565	293	620	321	572	327
COL9A3,20.0,61461750	451	389	493	255	550	336	606	330	554	318
IVL,1.0,152883701	489	106	332	51	500	75	545	94	516	75
KEL,7.0,142658113	403	147	256	76	427	112	529	128	441	142
SMARCA4,19.0,11094977	471	213	362	117	534	126	666	188	655	183
