gene_id	12	12	13	13	14	14	15	15	18	18
ABCA13,7.0,48414094	75	40	43	12	81	29	75	25	67	17
CD300E,17.0,72613269			207	11					338	4
CDH18,5.0,20304405	100	35	69	23	112	14	92	24	93	19
RBMS2,12.0,56962788	263	83	177	44	330	66	253	73	267	65
EMR1,19.0,6937518	68	104	97	63	179	123	160	86	134	91
SLC16A12,10.0,91203635	115	120	87	53	154	89	197	88	160	85
PCDH11X,X,91134115	526	382	600	247	728	223	725	228	708	220
TNRC6B,22.0,40662792	346	55	253	29	344	68	292	42	305	46
NIPBL,5.0,37000453	159	46	151	17	254	38	168	56	173	36
TRPM2,21.0,45821621	226	80	184	28	350	62	272	62	259	57
MIR892A,X,145078222	76	45	29	9	99	16	88	29	77	28
C3orf39,3.0,43121531	217	91	198	46	325	76	281	88	221	62
LRP1,12.0,57594322	140	39	117	19	200	38	184	31	132	32
TPTE,21.0,10944626	126	18	61	2	128	10	135	14	119	13
CCT6A,7.0,56126368	265	44	179	25	328	38	273	36	285	40
PKHD1,6.0,51523796	141	651	120	367	214	703	255	603	220	621
USP1,1.0,62916537	143	71	98	34	193	44	149	40	128	51
POTEH(dist=126394),OR11H1(dist=34493),22.0,16414331	268	117	239	64	273	74	211	41	179	38
PATE1,11.0,125616344							246	13	199	1
JA660597(dist=334861),UBE2MP1(dist=103407),16.0,34300395	66	15	46	6	116	33	73	21	81	16
GAPDHS,19.0,36027700	305	63	191	48	317	50	272	51	307	35
OR2L13,1.0,248185202	216	97	145	33	364	70	310	56	284	60
NPFFR1,10.0,72014716	83	13	80	5	116	20	107	9	132	15
CKM,19.0,45815214	136	8			100	6				
TSPEAR,21.0,45949614	220	32								
ATRX,X,76890264	113	26	80	12	164	35	180	36	143	25
abParts,14.0,106330474	97	101	71	30	119	72	110	50	136	65
SBF2,11.0,9985389	56	28	36	12	75	17	81	18	83	17
SEC24A,5.0,134053764	144	44	109	22	171	45	174	31	137	40
KDM4B,19.0,5070972	82	156	89	95	203	138	118	102	133	109
GJA8,1.0,147380380	300	85	211	45	327	79	340	56	279	56
SCN10A,3.0,38830570	210	74	140	31	265	71	272	65	216	84
GLP1R,6.0,39033765	21	186	38	46	86	131	43	105	62	117
GATAD2A,19.0,19605143	232	57	186	36	244	42	272	41	234	52
LOC100133315,11.0,71625382	358	82	175	22	313	40	276	49	236	42
DLGAP3,1.0,35351776	165	140	126	115	199	126	229	102	227	133
MYL2,12.0,111358336	147	34	162	38	257	55	214	38	205	38
HSPG2,1.0,22205179	157	59	83	27	177	48	165	46	126	24
AF279782(dist=91829),GRM7(dist=32552),3.0,6870250	149	53	90	19	191	41	176	40	135	34
TNNT1,19.0,55652540	484	99	294	63	520	89	465	69	421	56
abParts,22.0,22698128	79	40	43	9	90	22	124	21	73	17
CCDC73,11.0,32674813	122	175	89	59	138	125	133	99	106	84
CALY,ZNF511,10.0,135139818	135	9								
TRO,X,54955706	296	31			383	18				
HSP90B3P,1.0,92109464	644	31	380	19	765	38	685	28	632	36
VAMP7,X,155119154	226	37	154	16	237	41	271	33	230	27
BEND2,X,18189098	179	70	149	39	298	52	220	65	192	45
RAB9BP1(dist=1443727),EFNA5(dist=833064),5.0,105879526	149	163	131	113	295	133	287	151	217	133
WDR64,1.0,241920639	294	63	203	56	308	77	305	54	296	37
EPB42,15.0,43513030	103	46	90	40	158	39	145	29	114	43
COL1A2,7.0,94037726	80	46	77	11	143	41	155	43	106	13
FAM155B,X,68725155	43	45	48	21	102	34	90	35	88	33
AX746964,5.0,140242855	89	42	58	20	107	37	136	34	86	23
PLB1,2.0,28851915	118	31	105	14	144	33	144	19	120	23
FHL5,6.0,97058666	160	21	105	14	211	13	174	15	199	29
BRD2,6.0,32939958	56	78	67	29	99	46	86	61	83	52
ESR1,6.0,152265466	278	260	212	144	344	236	353	246	328	180
SHPRH,6.0,146261834	385	41	278	27	514	63	471	54	425	53
SYPL2,1.0,110020601	101	28	94	8	130	17	126	28	112	21
BRD2,6.0,32939957	59	82	70	27	102	48	89	61	83	49
TLE4,9.0,82339948	83	122	48	59	109	138	130	136	104	103
GBA,GBAP1,1.0,155205914	94	121	87	60	167	108	166	79	151	75
BV13S6J2.1,TCRBV13S6A2T,7.0,142162146	219	102	157	40	322	87	296	75	245	75
NM_001162367,7.0,150487798	380	43	252	10	470	8	480	13	486	6
JMJD1C,10.0,64974883	96	12	73	12	124	16	100	28	79	10
BC038194,1.0,159402358	460	60	345	25	577	24	563	19	511	11
SYCP2,20.0,58494517	54	86	66	32	103	55	79	62	82	54
OCRL,X,128691405	146	31	83	13	213	6	222	59	163	19
PLEKHA1,10.0,124166029	76	11	70	6	107	12	118	19	84	22
ALK,2.0,29525606	302	27	231	22	357	31	317	42	302	20
METTL2A,17.0,60526111	472	112	263	73	483	95	424	102	478	77
ZNF407,18.0,72776160	202	35	119	25	194	32	212	42	212	40
MMRN1,4.0,90849156	82	27	71	11	124	29	120	22	88	20
SYT5,19.0,55687395	525	108	314	46	515	73	475	74	454	66
MIR890,X,145075796	116	31	118	10	183	38	157	40	158	16
NEUROD1,2.0,182543120	203	84	140	47	258	64	242	56	195	75
AK094599,2.0,133070265	142	27	84	12	220	23	179	18	157	18
TRPS1,8.0,116631649	444	78	295	40	482	58	493	63	488	94
BRCC3,X,154344467	113	22	102	13	175	14	164	20	166	12
NWD1;NWD1,19.0,16842089	84	30	73	14	142	22	139	25	116	24
NID1,1.0,236201370	178	69	198	46	347	69	277	74	262	75
DHX38;DHX38,16.0,72135399	106	52	106	17	181	24	141	32	140	29
CD109(uc003phq.3:exon7:c.758+2T>G,uc003php.3:exon7:c.758+2T>G,uc010kba.3:exon6:c.527+2T>G),6.0,74468753	97	32	60	4	141	12	130	17	103	14
SYT10,12.0,33535257	133	34	59	18	156	32	150	24	106	36
C3orf25,3.0,129137060	72	41	64	19	91	21	76	22	83	16
ITGA3,17.0,48156301			116	10					173	8
SMURF2,17.0,62579552	290	16	208	9	360	7			291	3
LRRIQ3,1.0,74507293	158	14								
PLCB4,20.0,9391697	131	4	115	21	180	12	194	25	127	33
MICAL3,22.0,18299278	109	46	70	23	158	29	154	50	143	22
NPNT,4.0,106833291	232	30			278	28				
MAP1B,5.0,71494838	120	64	126	28	173	54	150	34	175	44
NELL1,11.0,21594863	110	35	76	10	121	18	94	17	94	31
FNDC7,1.0,109270841	71	52	75	35	120	34	96	64	95	43
DLGAP1,18.0,3874382	89	30	60	16	155	34	119	34	96	22
ZCCHC5,X,77913702	232	4	95	12	204	19	184	31	156	25
ZNF783,7.0,148979212	192	73	151	51	225	67	230	78	221	67
DNAH17,17.0,76421341	147	27	86	16	180	44	157	33	112	42
VRTN,14.0,74824137	201	320	203	184	351	234	343	242	298	254
OR5D18,11.0,55587493	256	73	188	33	346	57	281	75	256	63
IFFO2,1.0,19243642	59	34	37	33	47	29	65	42	54	48
ADNP2,18.0,77895308	189	27	162	34	207	34	222	44	201	26
C6,5.0,41172436	317	96	219	49	426	95	397	70	363	79
TRPC5,X,111024426	182	3	117	5	237	4	206	34	167	9
DOCK4,7.0,111617253	156	93	135	39	264	70	238	59	178	56
DOCK9,13.0,99554682	338	50								
TDRD1,10.0,115973275	206	52	138	32	287	49	281	51	250	44
IFI16,1.0,159021623	454	129	344	66	501	93	502	122	427	89
DNAH11,7.0,21611469	110	22	59	8	157	24	108	31	107	13
MIB1,18.0,19424182	116	24	75	6	112	22	132	20	117	20
NEUROG3,10.0,71332668	100	140	97	76	187	54	149	71	139	70
RNASE1,14.0,21270122	139	59	95	18	186	50	191	42	180	34
AP3B2,15.0,83348985	181	101	187	36	260	83	265	85	216	60
PLCG2,16.0,81960800	127	52	80	22	151	41	158	40	120	21
CENPE(uc003hxb.1:exon7:c.559+1G>C,uc003hxc.1:exon7:c.559+1G>C),4.0,104115759			141	6	244	15	193	7		
ADCK1,14.0,78367038			457	3			717	38		
NLRP2,19.0,55493791	186	32	101	11	184	35	179	18	141	19
SYTL1,1.0,27674040	216	4	132	11	195	26	157	26	164	20
B3GALT4,6.0,33246261	112	66	108	33	165	47	156	32	141	41
BCL7B,7.0,72951623	69	39	55	16	109	33	106	23	88	24
PCSK4,19.0,1483732	72	31	39	12	77	32	48	22	61	22
DQ571479(dist=25811),CCT8L2(dist=16194),22.0,17055454	347	116	174	62	461	47	375	45	349	48
KRTAP20-3,21.0,32015142	85	31	75	15	98	20	104	29	82	33
ZXDB(dist=80599),ZXDA(dist=227355),X,57704509	29	44	36	25	56	40	67	38	42	25
DCST1,1.0,155018878	120	28	90	32	169	39	174	45	143	27
Mir_548,8.0,105496656	128	24	104	14	187	28	150	20	146	23
FOLH1(dist=161703),LOC440040(dist=188155),11.0,49391925			108	6						
NCOR1,17.0,15965512	288	28			359	22				
PIWIL1,12.0,130847696	90	91	85	40	121	53	132	68	97	48
SLC2A8,9.0,130167868	402	12	299	7	394	51	405	12	462	2
FBN3,19.0,8162237	85	52	41	18	114	30	76	32	64	14
CNBD1,8.0,88394864	122	26	63	18	138	20	120	20	89	19
EBF1,5.0,158139357	59	4			99	9	75	0		
BAGE2,BAGE5,21.0,11039449	419	72	245	31	513	43	473	50	406	48
NUP210,3.0,13417094	212	57	119	32	251	32	247	50	211	40
NBEAP1(dist=48071),DQ573684(dist=24354),15.0,21009551	114	10	74	7	113	3	109	0		
TRPM2,21.0,45837968	165	80	99	40	186	63	193	56	172	44
ZRANB3,2.0,136026598	160	116	95	46	250	88	141	71	146	70
HAPLN3,15.0,89424557	64	56	73	26	115	32	96	25	107	33
MTCP1,X,154294227	168	17			207	5				
VN1R4,19.0,53770864	366	218	247	82	441	183	433	164	385	126
PCDH7,4.0,30723971	648	239	688	172	722	180	727	181	733	158
HSPG2,1.0,22217107	315	121	214	38	394	96	305	70	319	74
INTS5,11.0,62415812	211	101	147	53	249	83	221	75	263	64
ECEL1,2.0,233347898	209	72	174	36	226	49	230	48	193	49
ERMP1,9.0,5832956	78	52	53	30	97	45	121	20	95	36
SCFD1,14.0,31097526			245	17					369	20
CCDC56,17.0,40950539	146	40	86	14	176	32	187	23	132	19
SRSF4,1.0,29485900	202	47	160	27	195	59	213	42	173	46
CDH11,16.0,65005561	406	112	264	57	466	77	460	62	408	59
KIAA1199,15.0,81173308	178	71	113	26	212	60	201	65	158	53
HSP90AA6P,4.0,171526212	65	27	64	16	96	30	90	24	88	38
GABRA4,4.0,46994906	254	66	158	46	285	51	297	60	283	58
HYAL4,7.0,123508561	162	72	131	39	226	48	182	47	189	38
TP73,1.0,3599763	38	62	25	44	63	68	58	62	42	56
UNC13D;UNC13D,17.0,73839154	109	38	84	24	121	28	116	26	103	26
ATG16L1,2.0,234198580	299	24			327	26				
APOB,2.0,21245977	162	75	125	26	199	59	223	47	206	40
FAM122C,X,133955473	384	81	347	34	562	29	515	88	496	58
TEX13A,X,104464242	81	3	73	6	126	2	103	20	93	16
ZNF549,19.0,58042540	289	1	146	16	287	23	267	29	208	24
ERI1,8.0,8866474	178	47	134	23	223	55	240	28	180	31
ZNF658(uc010mmm.2:exon5:c.238+1G>C,uc004abs.2:exon5:c.238+1G>C,uc010mmn.1:exon5:c.238+1G>C),9.0,40784106	87	56	75	17	169	36	152	26	134	31
ANK2,4.0,114095710	201	88	158	33	310	65	272	49	222	59
PDDC1,11.0,771023	98	37	73	21	132	29	123	27	119	38
GALNTL6,4.0,172735667	31	35	34	8	96	28	83	18	36	32
ARHGEF12,11.0,120310737	106	134	92	103	217	166	173	134	153	111
PNMA5,X,152158866	261	53	207	24	313	30	246	41	214	30
MAPK8IP2,22.0,51045452	125	40	65	27	155	30	128	18	124	18
DNMT3A,2.0,25463202	128	30	106	29	191	34	165	27	169	27
KIF21B,1.0,200946410	259	54	165	39	267	72	295	37	225	40
DQ571479(dist=33825),CCT8L2(dist=8180),22.0,17063468	304	121	176	49	356	62	361	63	318	78
ABCA5,17.0,67305539	146	40	107	22	181	37	160	34	158	57
DPP10,2.0,116599926	77	108	84	48	153	70	132	85	101	61
SEPT11,4.0,77949961	313	104	264	44	439	74	395	73	333	77
ANXA4,2.0,70047876	258	626	188	298	320	463	273	465	311	415
TMPRSS11F;TMPRSS11F,4.0,68935688	107	15	58	6	138	11	106	12	107	19
CDK13,7.0,40133929	420	120	386	95	545	114	597	120	469	109
NR4A3,9.0,102626000	116	196	81	135	184	217	170	236	130	219
DQ571479(dist=87735),IGH(dist=233234),16.0,33414218	248	159	204	130	358	148	328	135	259	122
DNAH5,5.0,13871690			238	25					423	19
POM121L12,7.0,53104165	348	57	262	16	434	42	353	26	361	15
Mir_548(dist=62734),ELTD1(dist=139887),1.0,79215562	123	46	57	8	135	29	100	20	106	12
LAMA1,18.0,6977776	156	55	103	30	218	50	204	43	189	49
DEPDC4,12.0,100660761	456	35	319	8	540	14				
TIAM1,21.0,32491087	92	38	66	17	120	26	102	21	102	21
ATP2B4,1.0,203671403	255	7			260	18				
ANO7,2.0,242151587	724	189	752	131	808	108	780	140	780	139
KATNAL2,18.0,44500213	98	12	87	15	98	21	97	18	95	11
UBC,17.0,21731385	85	15	71	15	166	19	107	8	112	6
NSUN6,10.0,18834926	124	40	108	8	151	45	139	24	148	24
GLB1L3,11.0,134147647	207	6	142	1	225	17	195	4	203	2
TCRVB,7.0,142459899	157	76	96	24	211	78	196	61	126	60
UBE2NL(dist=953972),SPANXN1(dist=406778),X,143922329	80	12	72	5	107	6	84	9	76	5
EYS,6.0,64430825	153	49	103	18	150	41	185	25	178	37
DNAH9,17.0,11547982	108	32	102	18	165	45	121	22	109	24
MCMBP,10.0,121602904	169	61	135	47	274	36	245	44	226	50
RHBDD1,2.0,227773492	75	65	53	33	99	34	87	53	73	60
ZNF207,17.0,30685473	212	53	147	28	254	44	267	43	183	25
BNC1,15.0,83926593	168	71	133	22	235	54	198	60	222	51
ISY1,ISY1-RAB43,3.0,128879996	141	74	98	42	195	48	219	43	167	47
IFT52,20.0,42264608	117	74	79	30	158	58	146	54	116	53
KIF1A,2.0,241713436	71	14	28	4	100	10	66	15	59	13
CD226,18.0,67614244	523	135	364	112	519	152	542	147	519	182
ASPG,14.0,104559860	146	69	101	29	162	29	161	35	138	40
AGAP2,12.0,58125351	695	156	458	91	739	133	789	107	719	145
AGAP2,12.0,58125352	689	154	525	98	728	134	782	112	716	146
POU3F4,X,82764212	211	12	179	24	319	30	302	44	292	42
LPO,17.0,56321292	288	107	284	62	414	91	396	106	373	102
PCDH15,10.0,55826477	163	74	143	27	281	39	235	29	207	44
DENND4B,1.0,153913140					93	8				
ZNF681,19.0,23927870	204	64	171	38	337	51	269	53	263	45
HDGF,1.0,156714748	80	29	64	18	102	33	112	19	59	30
HUNK,21.0,33318438	209	75	143	40	270	57	266	53	284	50
RARRES2,7.0,150036182	61	53	70	15	105	30	95	27	85	42
KEAP1,19.0,10610498	106	203	110	105	200	132	170	138	153	123
GDF7,2.0,20870389	138	58	117	21	139	36	163	43	128	17
ZMYND19,9.0,140483235	53	110	62	56	145	86	133	110	118	89
HSPA2,14.0,65009437	84	104	75	52	121	88	122	69	120	86
UGT3A1,5.0,35965888	356	81	226	39	480	96	373	54	342	51
CCDC28B,1.0,32667569	177	53	140	41	221	50	223	42	182	47
FAM129A,1.0,184764923	300	86	181	52	299	90	307	65	278	65
BC133032,1.0,237167485	222	59	161	28	293	46	297	46	233	61
AARSD1,17.0,41123677	269	23	179	13	289	5	302	3	293	4
CACNA1E,1.0,181724405	152	48	114	22	225	25	164	34	147	34
ANKRD30BP2,21.0,14414965	249	45	191	25	343	32	308	44	300	40
CSMD2,1.0,34158587	319	102	203	63	361	97	388	58	315	71
TMSB15B,X,103219989	83	4	49	5	85	8	108	10	89	6
HCRTR2,6.0,55105577	38	41	49	29	100	35	115	24	96	40
KCNQ2,20.0,62103645	194	179	142	84	234	148	219	126	173	153
SAGE1(dist=31739),MMGT1(dist=17271),X,135026960	92	12	81	1	107	10	100	15	83	12
CALCOCO1,12.0,54117472					181	16				
RPS29,14.0,50044436	41	97	55	42	105	59	125	67	93	42
OR2T3,1.0,248637612	596	35	356	44	651	51	660	51	583	50
APOBEC3D,22.0,39421266	118	117	67	91	153	102	128	99	138	81
OVOS2,12.0,31279395	186	50	125	38	255	45	227	41	231	48
APOB,2.0,21238206	452	5	298	47	409	22	370	51	309	59
CDC123,10.0,12292424	144	6	73	11	145	5	132	19	106	18
PDE4D,5.0,58271726	109	7								
UBC,17.0,21731357	94	15	80	6	160	17	115	3	109	15
TIE1,1.0,43778971	171	7			212	20				
R3HDM2,12.0,57693998			118	21	220	18	210	27	135	28
FGF16,X,76709609	197	41	158	13	320	65	261	42	236	27
SLC28A3,9.0,86912077	81	54	60	40	94	72	115	37	83	50
LOC440040,11.0,49829275	127	55	82	33	228	72	197	57	167	49
XRN1,3.0,142139827	344	86	205	49	478	110	385	86	357	74
ICAM5,19.0,10405946	60	26	34	16	71	29	68	24	88	15
USH2A,1.0,216371685	361	93	256	66	463	87	462	76	404	68
ADCY2,5.0,7695879	392	126	280	63	492	119	457	100	453	60
MKLN1,7.0,131149277	128	52	94	25	191	42	141	52	118	32
FAM22F,9.0,97081403	74	34	33	17	71	13	81	15	74	29
TERF2,16.0,69400894	171	47	126	23	242	49	193	52	225	65
C1GALT1C1,X,119760591	255	6	191	9	358	11	285	37	296	16
EXOC3L1,16.0,67221511	302	97	188	63	390	107	305	49	312	90
PROSER1,13.0,39611395	126	34	72	26	165	53	173	42	147	41
RDH5,12.0,56117867	113	29	86	21	138	27	119	21	106	26
POM121L2,6.0,27278728	221	10			276	19				
NPAS3,14.0,34249840	730	221	731	184	754	184	735	192	735	210
PDGFA,7.0,539735	195	61	137	27	293	33	278	52	230	42
BNC2,9.0,16436995	257	78	160	35	303	87	329	51	254	67
CAND1,12.0,67699440	439	116	327	56	591	92	498	75	458	112
FAR1,11.0,13733583	72	36	78	14	136	43	101	25	110	32
RASSF4,10.0,45484778	243	72	209	19	302	56	295	45	312	26
ANKRD11,16.0,89347523	342	28			397	20				
KDM1A,1.0,23346214	126	28	63	15	94	21	93	26	97	24
OR2T10,1.0,248756803	223	35	149	23	329	34	305	67	262	46
EIF2C3,1.0,36501889	145	38	85	16	195	34	175	40	128	31
IGH,16.0,31973278	434	42	288	11	510	28	486	15	374	14
HSPG2,1.0,22179535	261	66	165	42	276	80	259	51	247	56
BTBD16,10.0,124034512	137	31	104	7	179	35	143	27	194	19
KY,3.0,134343904	128	19								
MAGEB10,X,27839923	330	21			382	30	421	3		
LOC255025,3.0,94656673	40	23	48	16	89	27	61	23	73	15
MAST1,19.0,12981565	63	102	86	54	168	116	134	125	126	99
LOC255025,3.0,94656675	38	23	54	16	96	28	63	24	74	16
DMGDH,5.0,78328684	250	64	194	36	330	72	277	65	255	64
PTPRS,19.0,5215482	44	87	46	61	70	49	66	66	70	69
GPR116,6.0,46851405	107	10								
STX2,12.0,131311827	89	33	54	13	103	28	98	18	67	19
CHRNB1,17.0,7352078	326	117	256	47	402	105	378	101	294	87
DARC(dist=72954),FCER1A(dist=10262),1.0,159249244	94	29	67	13	109	25	130	16	89	23
ADRB3,8.0,37823652	816	45	820	35	810	44	837	47	822	40
ANK2,4.0,114257058	169	57	131	38	241	63	230	44	167	57
SLC6A3,5.0,1406341	147	57	146	45	205	52	218	48	185	51
SYN2,3.0,12203132	136	20	100	9	154	21	132	31	94	34
ZNF92,7.0,64864352	303	113	187	64	424	88	370	89	380	82
KIF16B,20.0,16485012	287	101	189	41	393	73	356	79	320	82
ZNF648,1.0,182026094	353	116	293	67	395	108	329	61	363	55
APCDD1L,20.0,57036122	319	35								
DCXR,17.0,79994654	360	90	277	37	413	77	411	97	373	73
XIST,X,73065240			127	7					200	4
ATP5I,4.0,667101	142	45	122	9	227	26	182	9	214	6
GABRA3,X,151424350	337	109	205	54	317	105	416	100	366	71
MEI1,bK250D10.C22.8,22.0,42144284	93	10			123	2				
FCGR2A,1.0,161480797	169	54	132	29	214	42	221	58	194	37
UNC79,14.0,93990428	117	174	101	76	208	128	192	149	157	136
SPATC1,8.0,145095532	480	52	334	14	590	23	483	12	466	16
NTNG1,1.0,107691280	359	7	213	15	382	22	390	43	357	42
C6orf106(dist=18991),SNRPC(dist=41255),6.0,34683616							112	9		
METTL16,17.0,2344817	209	11	193	2	261	10			253	3
DSG2,18.0,29121095	121	74	66	23	168	43	118	49	103	35
PRR16,5.0,120022402	110	56	120	43	178	42	206	33	139	40
VPS35,16.0,46710680	100	15	78	20	129	20	95	23	92	17
MUC19(dist=26305),MUC19(dist=99512),12.0,40839340	181	174	163	85	283	135	261	151	226	127
RAB5A(uc003cbn.3:exon4:c.438+1G>T,uc011awg.2:exon4:c.396+1G>T),3.0,20017662	143	4			150	12				
FAF1,1.0,51005375			88	4					111	9
GATAD2B,1.0,153825562	187	49	141	32	239	51	206	41	189	47
ABCC8,11.0,17418620	275	95	233	80	342	89	322	65	299	102
TUBA3E(dist=32013),TRNA(dist=41864),2.0,130988047	74	61	91	28	119	39	115	45	108	51
NCS1(dist=224885),DKFZp434P0216(dist=36660),9.0,133224468	114	53	80	29	157	37	147	41	122	46
POLR3E,16.0,22328397	175	62	140	40	233	59	151	42	173	58
SETX,9.0,135204794	183	195	119	87	260	212	248	143	209	164
PALM3,19.0,14170066	97	19	75	16	127	26	109	24	103	24
CD1E,1.0,158324361	234	80	156	40	288	80	251	53	257	63
TREML4,6.0,41196455	88	360	98	181	169	339	129	237	116	267
MTA2,11.0,62363911	75	139	88	72	152	135	138	118	105	82
TRPM4,19.0,49700008	253	26			261	18				
TTC28,22.0,28395022	268	71	186	39	281	91	280	50	295	67
MLLT10,10.0,22020032	86	38	76	15	134	14	143	21	112	17
SKAP2,7.0,26729921	310	64	215	35	451	35	357	51	372	55
ANPEP,15.0,90347510	126	55	105	49	156	66	189	42	143	29
LOXHD1,18.0,44149449	121	78	88	36	175	71	141	71	132	56
OTUD4,4.0,146065059	136	64	89	30	190	38	185	43	176	53
BCHE,3.0,165555171	228	152	153	78	260	128	276	119	236	111
FLJ46481,4.0,5977687	288	103	209	9	342	32	356	18	401	5
NEB,2.0,152347084	89	41	60	20	103	28	104	29	107	29
FIGN,2.0,164467509	111	65	111	20	189	57	212	40	153	47
C1orf94,1.0,34663282	338	91	244	32	352	75	351	73	277	85
MYH13,17.0,10231314	248	3	125	16	272	16	195	24	188	19
DNAJC27,2.0,25180768	239	170	180	101	335	161	342	139	268	150
ZNF773,19.0,58011378	151	11			188	1	181	4		
KIF24,9.0,34271827	119	31	62	22	112	33	100	32	82	20
NDUFA4,7.0,10978563	162	153	149	89	264	147	269	114	215	130
AX747187,12.0,96988284	125	39	75	23	133	24	118	43	115	19
KRT18,12.0,53345882	90	21	79	15	104	16	113	23	124	25
C12orf77,12.0,25149208	282	105	230	42	376	48	364	83	330	85
SF3A2,19.0,2246809	111	208	102	75	210	139	180	112	172	124
C11orf46,11.0,30352502	107	36	74	15	130	28	111	29	138	31
ANKRD30B,18.0,14748484	320	148	265	68	415	108	410	110	432	105
ANO3,11.0,26574948	97	40	74	16	120	34	126	23	101	19
FKBP15,9.0,115936752	106	17	73	4	142	9	159	15	121	1
UTP20,12.0,101693781	781	47			793	51				
SMARCC2;SMARCC2,12.0,56572631	240	10			274	20				
TMEM233,12.0,120067592	124	42	95	13	192	33	176	33	130	20
ZIK1,19.0,58100024	375	67	255	33	410	73	409	56	331	49
DSC1;DSC1,18.0,28720264	406	25								
NLRP1(dist=141987),Mir_584(dist=36382),17.0,5629819	53	32	43	21	91	25	109	32	77	32
FAM20C,7.0,296889	61	23	63	23	79	17	88	20	80	8
KLRF2,12.0,10046181	208	56	150	21	248	68	247	48	202	42
NLRP12,19.0,54313430	249	126	137	71	333	114	265	110	248	81
ZNF451,6.0,56965837	255	29	263	3	464	6				
SERINC3,20.0,43128835	154	29	72	15	164	29	149	18	123	23
CSTT(dist=8473),CST9L(dist=14242),20.0,23531128	96	43	80	15	164	51	187	26	127	37
TIAM1,21.0,32598162	189	65	153	52	245	50	234	55	199	66
STAG1,3.0,136219105	169	2	101	4	186	6	138	21	131	26
SALL3,18.0,76757124	464	68	397	15	553	29	655	18	560	15
CPXM2,10.0,125558665	119	23	81	5	157	3	146	6	138	6
XIRP2,2.0,168103598	316	120	218	79	391	87	387	85	332	72
FAT4,4.0,126370665	312	146	219	78	461	122	437	93	317	117
NRBP1,2.0,27664071	169	19	131	13	211	26	235	21	185	19
MYOM2,8.0,2007413	121	42	148	21	163	42	233	34	158	29
C1orf105,1.0,172417410	105	27	59	18	107	20	146	30	85	21
DQ571479(dist=53724),IGH(dist=267245),16.0,33380207	115	4	86	8	132	11	142	9	108	4
VWA3A(dist=21097),TRNA_Leu(dist=17648),16.0,22189384	172	48	134	35	222	65	188	53	162	64
KIAA0889,20.0,35433120	82	20	53	7	87	12	77	15	74	17
FZR1,19.0,3526905	178	11	153	20	183	24	201	31	145	31
ACCN1,17.0,32366806	133	43	77	29	170	31	122	30	136	27
GLI3,7.0,42005555	394	27			414	24				
UBC,17.0,21731371	93	20	69	11	180	22	103	7	116	8
PTGDS,9.0,139874618	67	139	65	45	142	101	112	98	112	101
CMYA5,5.0,79054552	163	61	108	28	232	38	217	37	162	46
KIAA1324L,7.0,86554968	285	148	245	56	395	122	432	111	381	112
ERGIC2,12.0,29509318	209	210	211	77	396	157	361	141	317	135
RERE,1.0,8418680			129	13	252	5	218	7		
ITGB4,17.0,73724576	245	72	201	49	262	61	232	55	204	58
ANKRD65,1.0,1356288	113	5	38	4	96	10	71	16	54	14
MBP,18.0,74729131	191	49	134	24	204	31	231	38	200	32
B3GALT5,21.0,41033237					216	19				
IVL,1.0,152882779	197	53	108	25	206	38	166	41	161	44
PCDH19,X,99661877	278	8	217	15	378	15	281	60	249	39
OIT3,10.0,74684397	122	24	85	5	109	19	136	27	123	9
TSPAN5,4.0,99397483	118	163	126	117	240	131	223	129	191	129
CCDC91,12.0,28410059	84	59	70	33	92	62	119	59	98	51
SLFN14,17.0,33880426	231	182	172	94	314	178	335	161	278	109
DQ600701(dist=128176),C10orf112(dist=401139),10.0,19376884			196	13					331	20
ABCA8,17.0,66880565	156	11			181	5				
SMG1,16.0,18840649	305	125	195	62	344	107	340	115	333	80
LRP2,2.0,170097725	183	86	135	28	273	57	228	55	176	48
GNAL,18.0,11752412	307	102	208	57	332	99	274	96	266	72
DIO3AS,14.0,102024665	83	99	75	65	128	90	157	97	101	70
OPRM1;OPRM1,6.0,154411313	253	148	176	102	350	147	300	98	269	124
CLEC18A,PDPR,16.0,70165907	57	56	42	21	91	21	88	32	76	26
CDH9,5.0,26915918	558	141	340	58	537	131	531	100	519	81
PTCHD2,1.0,11595120	92	90	54	62	148	80	120	51	105	58
ACIN1,14.0,23540276	193	90	160	48	251	70	256	79	248	51
IPO8(uc010sjt.2:exon17:c.1653+2T>C,uc001rjd.3:exon21:c.2268+2T>C,uc001rje.1:exon8:c.735+2T>C),12.0,30802069	548	92	376	49	683	109	656	89	599	118
CDR1,X,139866390	849	87								
VWA5B2,3.0,183955059	280	69	184	40	337	77	232	61	299	54
PLXNA4,7.0,131913216	267	44	189	11	355	10	296	21	295	5
EFCAB4B,12.0,3747487	203	185	144	95	296	108	224	109	252	120
APOL4,22.0,36597788			163	14					257	1
PKHD1,6.0,51637576	864	66	711	53	820	82	898	61	836	79
CCDC30,1.0,43005023	42	88	39	48	59	69	98	64	81	40
DENND2C,1.0,115137217	131	59	69	18	131	37	133	20	106	14
ATAD2B,2.0,24118802	189	71	146	29	276	59	213	45	245	36
CD1E,1.0,158323269	85	29	83	10	107	20	133	18	99	9
VN1R2,19.0,53762393	535	101	373	49	655	76	590	94	540	70
DPY19L4,8.0,95756701	169	37	95	19	154	24	158	27	151	26
ZNF208,19.0,22156513	278	89	205	42	382	83	342	80	292	60
MUS81,11.0,65632736	136	51	111	34	194	45	183	36	156	28
CYP2C19,10.0,96609742	349	306	277	174	689	218	545	247	429	213
APBA2,15.0,29367085	130	65	100	24	208	54	168	42	161	42
SNX14,6.0,86224220	163	61	105	19	206	43	188	27	197	29
SPTA1,1.0,158597261	87	69	37	38	91	49	90	48	78	32
EXOC6B,2.0,72562177	123	165	108	71	139	166	134	111	109	124
OTOGL,12.0,80699519	109	88	100	42	189	96	185	76	153	83
ANXA2(dist=12783),DQ571524(dist=20689),9.0,33638315	424	142	283	68	563	101	549	113	431	99
PKD1L1,7.0,47851433	145	32	92	18	159	33	144	28	133	23
GPR78,4.0,8582860	39	30	27	34	69	43	61	48	37	35
FOXC1,6.0,1612186	176	49	159	17	207	36	174	38	200	34
RBL1,20.0,35717493			279	12					390	22
MAGEC2,X,141290673	105	58	94	31	215	43	197	34	141	27
KLHL1,13.0,70681780	65	36	57	14	93	9	95	30	86	19
CACNA1H,16.0,1265177	93	35	85	26	155	42	129	23	106	38
MAPRE2,18.0,32585537	269	4	153	7	243	9	233	25	214	21
DTL,1.0,212274404	98	28	80	16	136	16	111	26	117	29
MMP8,11.0,102586030	209	70	194	41	279	89	338	65	243	85
COL28A1,7.0,7550646	238	160	169	79	252	117	260	111	248	120
LINC00303,1.0,204006124	204	56	148	41	265	47	226	49	199	46
POU6F2,7.0,39379342	66	116	84	80	154	134	142	101	124	104
GRAMD3,5.0,125801035	58	63	44	48	94	73	96	56	61	46
TBC1D26,17.0,15645301	101	32	73	15	100	21	116	21	117	22
TMEM133,11.0,100863229	497	89	368	19	635	17	638	20	573	18
STMN4,8.0,27099968	252	155	132	74	233	132	263	111	199	128
COL9A3,20.0,61461750	194	117	100	78	222	120	187	81	140	102
IVL,1.0,152883701	168	18	110	16	188	11	158	16	141	16
KEL,7.0,142658113	96	32	87	21	157	32	145	21	133	19
SMARCA4,19.0,11094977	65	41	53	20	132	33	102	27	76	31
