gene_id	11	11	12	12	13	13	14	14
EFCAB1,8.0,49637323	47	18	103	21	34	9	90	10
TTYH2,17.0,72246232	198	26	346	21	138	16	188	3
TRAPPC8,18.0,29412062	104	17	240	24	109	16	138	1
ZMIZ2,7.0,44799920	83	10	102	21	45	6	91	6
DOCK7,1.0,62993955	157	53	278	105	143	41	244	33
CALCR,7.0,93125136	196	12	380	61	165	20	203	10
AGPAT5,8.0,6578209	94	3	111	19	62	4	76	6
MARCH1,4.0,165110974	165	12	272	21	109	17	109	2
FYN,6.0,112017631	169	9	232	25	134	10		
BC034630(dist=55664),LOC340094(dist=203830),5.0,4830642	298	27	589	54	270	26		
NEUROD2(dist=13966),PPP1R1B(dist=5036),17.0,37778141	129	9	248	22	97	15	156	5
MLNR,13.0,49794914	86	10	175	34	90	14	108	5
SNORD115-15,SNURF-SNRPN,15.0,25468529	328	24	568	46	325	17		
EGFLAM,5.0,38427232							252	29
OR6B3,2.0,240984402	105	18	179	18	70	9	103	14
SOX17,8.0,55371048	105	11	236	27	116	8	142	7
DCST2,1.0,154998897	137	20	275	45	96	19	172	2
STL,6.0,125231857	126	11	227	48	90	13	152	15
AKT2,19.0,40748662	64	7	102	24	59	1	70	4
BC044609(dist=276290),DTWD2(dist=275817),5.0,117896752	61	18	108	19	53	5	95	16
COL9A3,20.0,61456279	51	3	88	13	37	6	69	1
CYTIP,2.0,158272280	292	43	490	63	196	18	328	9
HEPHL1,11.0,93800813	364	28	738	83	303	41	506	13
UIMC1,5.0,176397896	172	12	261	31	107	7	175	1
LHFPL1;LHFPL1,X,111914633					127	0	160	11
DQ570464,15.0,34812865	173	14	292	13	142	7		
UIMC1,5.0,176397899	165	12	241	31	102	6	163	1
SNORD114-10;SNORD114-9,14.0,101432500	221	50	437	67	163	23	240	60
DQ600701(dist=107200),C10orf112(dist=422115),10.0,19355908	79	5	123	16	50	4	76	3
CHD7,8.0,61768605	250	26	514	46	191	19	322	6
RBM19(uc009zwi.2:exon24:c.2665-1G>A,uc001tvn.4:exon24:c.2665-1G>A,uc001tvm.3:exon24:c.2665-1G>A),12.0,114282594	88	1	159	13	105	2		
GPR123,10.0,134895310	72	16	109	20	56	8	98	0
CUL7,6.0,43008519	173	8	214	31	115	12	170	3
GABRA1,5.0,161277900	103	18	218	80	111	24	147	25
CALCA(dist=15755),CALCB(dist=85559),11.0,15009587	138	1	242	39	112	3		
TCRBV5S2(uc010lnz.1:exon3:c.50-1G>T),7.0,142131706	250	58	451	157	214	46	273	35
BMP7,20.0,55803317	73	4	127	19	59	6	48	9
MN1,22.0,28193600	155	23	286	85	195	24		
OTOF,2.0,26693912	170	13	296	43	143	22	160	18
ATP8B4,15.0,50294360			119	12				
COL12A1,6.0,75844608					83	4	136	8
CDH22,20.0,44869716							302	26
KRAS,12.0,25398285	102	17	155	58	90	25	140	12
OR2G6,1.0,248685254	149	90	275	241	160	75	214	70
GYS2,12.0,21757490	74	32	127	75	45	21	87	24
CAMK2A,5.0,149618187	184	33	356	53	148	16		
DKFZp667J0810,abParts,22.0,22893166	69	17	125	29	73	9	134	2
DYSF,2.0,71753497	75	46	137	81	63	24	74	14
AX746654,20.0,5296939	249	48	415	82	212	42	246	44
PAPL,19.0,39589276	109	34	220	101	107	25	132	15
CPXCR1,X,88008930	319	13	507	12	228	10	329	22
GPR83,11.0,94113198	124	15	208	17	83	9	131	5
C19orf63,19.0,50985573			356	19				
CYFIP1,15.0,22958354	42	14	80	43	43	14	71	16
PLEKHA6,1.0,204225857	143	29	177	33	98	17	123	14
YEATS2,3.0,183524595	55	5	136	26	34	2		
SBF1P1,8.0,56364370							96	17
KRTAP17-1,17.0,39471791	81	18	195	50	85	19	126	22
SEC16A,9.0,139371611					236	2	219	18
CCDC102B,18.0,66513723							298	17
MEGF8,19.0,42880708	107	42	216	61	101	38	149	25
LONRF3(dist=55800),KIAA1210(dist=4849),X,118207749	40	15	74	29	45	8	52	9
OR1I1,19.0,15198790	144	10	280	28	102	11	163	17
STXBP5,6.0,147588277	85	13	169	28	72	4	105	11
ANK1,8.0,41615557	71	9	126	17	56	9	76	6
POLQ,3.0,121264662	205	20	437	74	201	21	322	3
SETBP1,18.0,42531236	417	30	765	74	358	15	436	9
MEF2C,5.0,88018634	237	10	458	55	202	16		
TSNARE1,8.0,143396322	184	44	343	111	159	37	248	48
DQ571479(dist=62418),TP53TG3C(dist=293375),16.0,32391474	45	8	106	8	45	4	73	2
IMP5,17.0,43922769	217	22	345	37	162	13	238	15
GRM4,6.0,34004055	187	30	359	73	139	9	209	3
JA660597(dist=361563),UBE2MP1(dist=76705),16.0,34327097	45	1	115	10	62	3	58	3
ENTPD8,9.0,140331724	90	8	235	27	139	7		
FHL5,6.0,97058506	133	26	220	33	82	10	140	4
FSIP2,2.0,186654959	258	34	530	84	191	18	270	9
CFB,6.0,31914868					190	10		
DSE,6.0,116747877	105	11	148	32	73	15	121	18
BC035176(dist=112522),DQ581928(dist=158936),7.0,56718345	326	24	609	98	285	23	46	0
ZNFX1,20.0,47887372	236	7	345	38	194	10		
SMC3(uc001kze.3:exon3:c.130+1G>T),10.0,112333504	89	8	162	22	80	3		
GPR112,X,135482154	142	8	224	38	98	10	167	1
LOC100128590,2.0,40401944	117	39	156	115	105	48	169	34
ITPRIPL1,2.0,96993758							543	33
CPT1A,11.0,68552309	131	19	251	51	114	12	201	4
U3(dist=185300),NONE(dist=NONE),3.0,90264945					83	0	107	6
ADAMTS13,9.0,136321188					140	10		
FOLH1(dist=170707),LOC440040(dist=179151),11.0,49400929	223	26	362	54	188	15	219	2
ZFP37,9.0,115811737	338	30	637	77	275	20	326	10
C15orf2,15.0,24923001	510	39	718	127	420	39	612	9
BTBD18,11.0,57513110			291	18				
MAN2A1,5.0,109155399	93	14	93	42	35	10	80	12
ACAP1,17.0,7250452	86	11	121	20	75	12	79	14
CYP4Z2P,1.0,47348894	148	15	364	51	123	14	184	28
NPHS1,19.0,36333166	108	16	191	25	89	7	131	3
FAM171A1,10.0,15255553	286	90	599	194	303	56	359	53
SH3KBP1,X,19560045	156	5	314	27	186	9		
CACNA1G,17.0,48704085	229	21	375	47	206	14	304	5
OTOGL,12.0,80672956							143	9
TTC7B,14.0,91044511							116	12
EXT1,8.0,118830697	160	9	244	17	112	7	137	8
THSD1,13.0,52960359	191	17	278	43	148	16	204	10
SSTR4,20.0,23016535	516	105	654	236	499	133	684	97
GCET2,3.0,111842612	66	20	112	38	53	13	94	15
KIAA1432,9.0,5772558	240	51	382	87	206	32	317	46
CLECL1,12.0,9885720					252	2	245	14
SLC6A12,12.0,319047	149	46	264	152	165	38	228	42
KCNA5,12.0,5153507	88	24	111	54	52	14	88	13
SLC34A1,5.0,176813121	267	52	597	165	278	68	352	42
SNRNP70,19.0,49593767							206	14
RBBP5,1.0,205069511	111	0	145	10	55	4		
MAGEA4,X,151081008	122	14	213	42	127	19	182	6
PCDHA1,5.0,140168344	82	6	140	22	61	2	83	3
KRT39,17.0,39123039	280	44	492	68	228	26	331	4
DD413621,2.0,186412490	167	39	326	106	151	24	228	8
JA660597(dist=309076),UBE2MP1(dist=129192),16.0,34274610	296	31	646	58	274	30	356	6
LOC400891,22.0,21411451	66	21	130	74	69	21	123	22
POU2F2,19.0,42595732	56	24	137	55	66	23	91	14
MCF2L2(uc003fli.1:exon8:c.753+1G>A,uc003flj.1:exon8:c.753+1G>A,uc003flp.1:exon8:c.858+1G>A),3.0,183035855	156	14	280	27	95	11	146	0
SYNPO2,4.0,119952841	336	14	572	62	330	7		
SLC28A3,9.0,86902943	204	24	297	49	134	19	173	19
KIR3DL1(uc002qhl.4:exon9:c.1159-2A>T),KIR3DL2(uc002qho.4:exon9:c.1159-2A>T,uc010esh.3:exon8:c.1108-2A>T),19.0,55377975	373	120	710	228	339	92	533	89
OR5F1(dist=20900),OR5AS1(dist=14894),11.0,55783001	91	13	152	23	75	10	89	4
MTOR,1.0,11291506	193	0			143	9		
RBMX;RBMX,X,135960074	236	5	410	19	153	15	239	23
DQ571874(dist=631951),Metazoa_SRP(dist=348742),4.0,28364078	179	27	288	87	149	35	157	22
C1orf101,1.0,244751957	105	21	203	21	93	8	137	0
TRPC5,X,111022229	128	8	230	8	81	8	166	5
abParts,2.0,90248909	156	8	264	35	108	8		
NFASC,1.0,204943393	306	46	570	173	286	64	389	14
ZNF253,19.0,20003217	470	14	707	65	335	18		
OR4M1,14.0,20249473	318	41	532	99	239	42	312	28
FMNL1,17.0,43309990	68	4	107	17	37	7		
TAGAP,6.0,159461826					171	5	164	19
URB1,21.0,33697691	244	14	437	37	213	16	281	8
CCDC169,CCDC169-SOHLH2,13.0,36828076	176	22	253	77	133	18	235	9
METTL21B,12.0,58166794	310	47	580	108	269	36	383	20
B3GAT2,6.0,71603799	197	28	320	77	152	33	290	8
CCDC146,7.0,76885926	215	17	313	65	159	18	243	5
CEP170,1.0,243289840					158	2	305	24
BMPER,7.0,34086042					165	11	258	14
NRCAM,7.0,107864253	142	39	323	74	144	29	208	33
HLTF,3.0,148802475	251	37	433	54	193	14	294	18
ATP5J2-PTCD1,PTCD1,7.0,99032438	89	15	129	55	37	14	80	16
COL6A5,3.0,130145193	277	8	465	41				
INSRR,NTRK1,1.0,156818562	119	34	185	82	75	26	97	20
SLC34A2,4.0,25664437	119	17	296	44	130	6		
TMEM35,X,100349859							121	10
PLEKHG6,12.0,6428872	194	18	423	17	182	8	260	8
SETX,9.0,135153578	125	11	190	34	91	17	103	20
CDH10,5.0,24509643					226	6	241	55
FASLG(dist=219326),TNFSF18(dist=155022),1.0,172855338	57	5	115	15	36	2	84	0
EIF3A,10.0,120809528							108	6
SH3D19,4.0,152080481	257	14	373	39	160	7		
MAP3K6,1.0,27685708	95	10	124	32	52	1		
FAM135B;FAM135B,8.0,139263084	121	34	205	63	110	21	105	33
GANAB,11.0,62402623	130	3	153	17	61	4		
ZNF492,19.0,22817321	268	14	525	86	231	25	408	12
LCE1B,1.0,152784913							220	13
TMEM207,3.0,190158046			774	3	308	17		
ZFP57,6.0,29644909					111	2	117	22
MRGPRF,11.0,68773223					146	0	139	32
BCAT2,19.0,49314113	51	9	88	28	29	6	68	8
NUSAP1,15.0,41663828			317	17				
hCG_1995134;KIRREL,1.0,158066279	117	23	211	36	95	13	95	4
RYR3,15.0,33993226	247	5	519	58	245	15		
C3orf58,3.0,143691523			259	14				
AK308561,9.0,66457125	221	4	453	61	182	14	290	7
DENND2A,7.0,140223187							162	9
LCN8,9.0,139650957	211	90	409	206	236	58	333	67
GRK1,13.0,114435874	193	25	345	51	145	18	221	14
FSCN3,7.0,127236527							169	14
LRP6,12.0,12339823	153	21	237	40	124	9	213	2
ERCC2,19.0,45872072	106	9	146	8	60	6	76	11
WNK3,X,54319643	248	14	528	30	243	19	372	6
GLB1,3.0,33055659	84	19	120	57	89	14	117	22
THBS2,6.0,169625417	186	12	382	41	235	4		
CCDC6,10.0,61612410	93	2	151	13				
PLEKHG1,6.0,151152498	192	6	345	21				
MAGEA3,X,151935200							276	19
PEG3,19.0,57327108	276	15			268	15	371	37
TBX3,12.0,115110103	100	9	182	33	78	8	104	3
PHF21B,22.0,45312235	162	35	319	49	135	31	209	13
SERPINB2,18.0,61562593	283	35	647	80	294	31	413	13
SNX10,7.0,26412041	181	60	301	101	123	28	196	32
SULF2,20.0,46288319	151	71	306	174	107	57	214	30
AKAP2,PALM2,PALM2-AKAP2,9.0,112694108	77	44	116	80	63	21	90	21
abParts,14.0,106791004	463	28	835	69	369	17	612	5
MED24,17.0,38188139	74	22	81	34	41	3	66	4
MEI1,22.0,42120098	170	53	246	128	166	58	240	43
IL8,4.0,74606472	138	15	262	46	136	13	175	3
ANXA1(dist=304986),RORB(dist=1021959),9.0,76090293	171	9	323	44	135	28	208	18
CSMD1,8.0,2964133	157	15	231	39	137	17	197	6
HDAC9,7.0,18868896	81	8	122	14	61	1	82	4
SATL1,X,84349347	257	9	331	12	146	6	214	25
DKFZp434P0216,9.0,133278531	84	10	189	23	115	5	148	3
RYR2,1.0,237880464	289	24	492	61	277	8	372	7
MED30,8.0,118540971	266	52	542	147	246	58	275	45
ITGA6,2.0,173332185							160	13
NELL1,11.0,20696193	128	9	204	21	93	10	107	16
CYP46A1,14.0,100184449	103	24	147	69	94	25	99	30
DVL2,17.0,7130485							184	24
NOL4,18.0,31433068	54	14	107	43	52	18	50	21
CNTN3,3.0,74334447	194	35	335	77	193	18	256	8
ABCA11P,4.0,432342							94	7
SPEF2,5.0,35779234	176	14	342	39	124	11	228	4
PCK1,20.0,56140890	107	3	261	17	132	3		
NCOR1,17.0,16075214	69	3	119	13	58	5		
FLNC,7.0,128484967							190	15
FLNC,7.0,128486661	105	4	122	13	40	3		
NONE(dist=NONE),LOC441666(dist=443613),10.0,42383701					66	1		
GPR149,3.0,154071307	94	10	192	32	87	11	82	7
NTM,11.0,132016512	68	10	116	28	54	13	78	2
RCAN2,6.0,46424678	127	3	152	33	95	5	108	7
JA660597(dist=309077),UBE2MP1(dist=129191),16.0,34274611	296	33	642	57	273	29	356	6
FYB,5.0,39138016	85	17	169	27	74	20	97	12
KIAA1210,X,118223286	214	8	430	16	192	11	216	18
TTC39A,1.0,51760270	69	20	66	43	51	7	85	13
HM358977,5.0,77081200	82	15	159	30	68	10	81	21
ABLIM1,10.0,116373316	84	11	157	17	92	5	113	6
ZNF141(dist=25748),ABCA11P(dist=15716),4.0,403508	85	4	130	12	58	7	48	4
LRRC3B,3.0,26751609	162	59	238	132	145	37	235	38
PITPNC1,17.0,65683308	409	18	782	57	318	16		
RBM15,1.0,110882102	185	9			150	11		
TNFRSF17,16.0,12061564	230	26	423	48	202	18	291	5
ADAM23,2.0,207429886	142	13	320	54	132	8	189	1
GPR110,6.0,46982448	248	18	493	56	240	21	297	10
COL3A1,2.0,189856426	100	15	158	20	79	13	86	6
ADAMTSL3,15.0,84659830	416	48	768	151	401	25		
TEKT4P2,21.0,9912036	57	6	103	11	57	5	88	1
GABRA2,4.0,46305488	289	22	558	87	284	20	320	6
CD97,19.0,14501740	120	23	210	41	101	12	151	6
LOC392232,8.0,73153026	241	23	443	55	182	17	301	8
NRCAM,7.0,107820669	78	17	125	41	48	12	68	8
ZMIZ1,10.0,81056142	76	14	130	45	59	8	71	14
GFI1,1.0,92948380	71	4	128	15	58	5	81	7
PRRC2B,9.0,134351476	276	14	555	60	256	8		
ATP13A5,3.0,193007618	125	26	157	20	74	3	71	9
UBE3A,15.0,25620678							94	7
CA6,1.0,9017351			378	24				
PPP1CB,2.0,29022181					164	10		
LOC100653515,17.0,76888204					522	2	457	30
ACTN2,1.0,236906431	176	19	250	34	139	20	172	6
DENND4B,1.0,153906006	72	27	129	53	32	9	66	11
TCF24(dist=8565),PPP1R42(dist=16977),8.0,67883390	65	11	94	30	46	13	60	12
PDE2A,11.0,72301543							150	21
ATP10B,5.0,160025931	126	37	222	56	109	26	138	15
UHRF1BP1L,12.0,100451985	169	45	221	44	89	20	120	12
FBN2,5.0,127636540	129	28	243	25	120	10	177	0
GJA10,6.0,90605462	152	10	203	43	124	9	197	2
LAMB4,7.0,107669570	183	22	351	38	166	12	300	5
PCDHGA7,5.0,140763056							284	16
DLL3,19.0,39998977	88	31	242	82	99	42	178	21
LOC100130331,1.0,238049051	142	16	153	39	83	18	157	3
ISLR2,15.0,74426722	108	7	213	19	89	7		
DAO,12.0,109273817	198	5	336	23	153	7		
FBXL7,5.0,15928315	196	11	384	49	199	18	288	7
MN1,22.0,28194866					91	1	126	7
SREBF1,17.0,17723690			260	16				
GLTSCR1,19.0,48205166	64	5	129	13	77	2	82	4
NES,1.0,156641978	104	8	274	22	111	5	116	6
SETD1A,16.0,30978217	113	21	248	26	110	12	156	3
TLR7,X,12905228	180	14	304	16	149	19	174	28
RBM10(uc004dhf.3:exon16:c.1785+1G>T,uc004dhi.3:exon16:c.1980+1G>T,uc004dhh.3:exon16:c.1782+1G>T,uc010nhq.3:exon15:c.1554+1G>T,uc004dhg.3:exon15:c.1551+1G>T),X,47041442	246	93	405	185	198	77	360	38
ANO9,11.0,419605	121	8	291	26	133	6		
AV2S1A1,T-CellReceptorV-alpharegion,TCR-alpha,TCRA,TRA@,14.0,22459106	75	25	149	77	69	40	89	24
APOO,X,23896990			387	24				
PTPRD,9.0,8521610	149	19	230	55	116	31	155	34
HIPK2,7.0,139288877	116	19	278	58	129	12	196	3
CDKL5,X,18622769	305	34	662	20	237	37	415	34
BCAS1,20.0,52645162	187	16	320	41	176	10	267	0
PCDHA3,5.0,140183067							265	15
RNF11,1.0,51736840	694	55	803	131	610	69	891	12
KCNH5,14.0,63417228	150	39	252	119	132	33	180	46
ABL1,9.0,133760249	134	63	220	138	139	44	174	33
MRPS9,2.0,105707883	131	3	230	36	92	7	129	10
SBSN,19.0,36014457	123	10	193	43	99	6	117	9
UBE2Z,17.0,46998382	91	16	175	83	96	22	104	22
GPR137B,1.0,236332031	331	17	645	61	291	27	339	6
RGS6,14.0,72941253	71	7	146	14	61	3	87	3
CCL24(dist=22250),RHBDD2(dist=42975),7.0,75465342					129	7	119	8
C19orf79,19.0,7694710	188	4	379	42	183	7		
RGS7,1.0,240986703	81	13	123	27	55	11	83	11
AEBP1,7.0,44146429	103	36	168	52	67	20	135	17
CLCA2,1.0,86920972	834	111	796	148	676	72	873	65
USH1C,11.0,17544800	171	3	333	32	176	7		
ASPA,17.0,3402246	215	34	326	47	150	35	229	18
CACNA1C,12.0,2774807	146	11	263	16	145	3	185	3
L1TD1,1.0,62672563					203	5	228	13
RNF220,1.0,45110776	253	35	431	88	227	28	370	3
NES,1.0,156640300	469	120	676	233	468	114	516	60
POSTN,13.0,38154041					305	4	304	16
CMIP,16.0,81703821	80	21	122	44	45	11	96	12
HELB,12.0,66696418	175	65	354	112	168	43	197	30
ROBO2,3.0,77652128	286	4	550	3	294	6	415	32
TBC1D22A,22.0,47290759					136	4	101	10
CHCHD3,7.0,132755036	100	24	202	61	90	25	151	23
PDE6C,10.0,95372864	219	21	447	71	205	23	278	6
TFE3,X,48891581	268	12	464	17	199	24		
L1CAM,X,153130765	192	28	365	45	189	29	188	8
CYTIP,2.0,158272279	288	44	483	64	194	20	331	9
ZNF408,11.0,46724476	62	5	101	13	49	1	47	4
HEPH,X,65476054	306	9	609	34	286	21		
CACNA1S,1.0,201044601	87	4	180	11	67	1		
CPXCR1,X,88009117	326	11	503	28	228	15	311	35
FAM71B,5.0,156589569							292	21
GPC6,13.0,93879644	74	9	139	25	63	8	74	4
WDR18,19.0,984472	88	31	183	126	101	32	121	24
GLI3,7.0,42005977					160	3	187	13
SLITRK1,13.0,84454114					118	8		
HDAC9,7.0,18300265							163	9
ZCCHC8,12.0,122958295					189	12		
PHF14,7.0,11082456	88	13	148	31	83	15	112	6
TMCC3,12.0,94976227	113	15	292	71	126	17	130	11
PIK3R1,5.0,67590490			629	39				
MIR4493(dist=49528),GRAMD1B(dist=94780),11.0,123301748	209	18	404	86	214	23	229	3
THAP1,8.0,42698147	112	3	178	15	68	5		
XYLB,3.0,38437079	60	20	111	58	78	24	101	16
TFAP4,16.0,4312276	55	6	113	10	54	2		
UCKL1,20.0,62570544	83	3	135	20	62	2		
KEL,7.0,142643399	150	23	249	57	103	21	136	31
LOC340107(dist=1069004),TRNA_Lys(dist=288843),5.0,25909696	153	30	312	81	123	27	197	40
FGD6,12.0,95483487			613	50				
C1orf104,1.0,155288642	255	56	440	166	224	34	264	14
XKR6,8.0,11058308	285	71	563	139	289	52	431	32
ZIC2,13.0,100637400	108	20	232	29	105	7	161	5
ZIC2,13.0,100637401	107	19	231	30	103	7	164	5
VAMP7,X,155119072							120	9
JAKMIP2,5.0,146997641	155	9	279	15	135	9		
RECQL5,17.0,73654436	167	9			158	5		
PSMD5,9.0,123594169	349	14	516	48	242	5		
ROPN1L(dist=40583),ANKRD33B(dist=58714),5.0,10505721					399	7	431	76
SMTNL2,17.0,4510780	169	1	293	16	161	6	220	3
DPH5,1.0,101473894							176	13
LAMTOR3,4.0,100815238	124	45	276	100	146	51	166	25
OR5K3,3.0,98109806	267	32	434	104	203	25	280	13
BRPF3,6.0,36181678							267	18
LMOD2,7.0,123303317	272	47	418	116	178	46	276	15
DHX9,1.0,182811706					140	1	137	14
C7orf57,7.0,48081078					162	1	152	13
PTCHD3,10.0,27687224	177	26	300	51	123	11	215	4
USH2A,1.0,216138710	148	13	282	24	138	5	197	0
CNBD1;CNBD1,8.0,87951824	122	30	229	59	84	6	126	4
LTBP3,11.0,65307341	123	7	209	10	100	2		
UMODL1,21.0,43543251	215	24	260	55	137	21	304	3
IFI16,1.0,159021515	526	35	823	62	441	31	571	6
AGPHD1,15.0,78825664	256	15	396	51	243	9		
DSEL,18.0,65180281	260	12	398	43	198	23		
ARHGAP23,17.0,36617161							191	15
TRIM3,11.0,6478211	73	20	131	17	62	7	117	3
LGR4,11.0,27406807	150	11	296	43	142	17	165	17
ZDHHC3,3.0,44968328	38	15	82	19	38	8	57	8
GSTM5,1.0,110258495	46	8	71	29	41	7	71	7
DDX60L,4.0,169327214	70	0	113	11	60	1		
ZIM3,19.0,57646531	180	27	257	65	130	16	215	1
RBFOX1,16.0,7680784	226	19	305	44	145	17	230	5
RBFOX1,16.0,7680785	223	19	303	40	147	17	229	4
VLDLR,9.0,2622232	57	4	108	25	68	5		
MGAM,7.0,141724818	167	34	279	78	126	39	182	24
LOC646903(dist=9697),TSC22D2(dist=426062),3.0,149700726			484	27				
OR5D18,11.0,55588060							306	19
MAGEB3,X,30254362	145	4	236	8	89	14	140	7
TMPRSS7,3.0,111793185	153	22	333	57	136	12	204	18
GPS2,17.0,7218059	50	5	79	21	43	8	65	6
ZAK,2.0,174131214	199	16	348	51	138	17	254	8
GNPDA2(dist=268362),BC048420(dist=686361),4.0,44996974	66	6	123	15	48	7	57	5
AK098570(dist=676495),CDH6(dist=1344802),5.0,29848960					112	1	146	9
NEU2,2.0,233897480	217	10	408	58	205	22	244	30
LRPPRC,2.0,44186172	178	11	351	24	148	8		
KRTAP13-4,21.0,31802683							168	14
MAP2,2.0,210594949	267	34	549	94	213	26	272	9
FDFT1,8.0,11659836	55	3	91	16	27	5	36	5
RHCE,1.0,25747082	145	48	260	140	118	41	185	28
SNORD114-15,SNORD114-16;SNORD114-14,14.0,101438975							201	15
ZIC1,3.0,147128841	488	35	759	106	404	34	661	7
NTNG2,9.0,135106661	198	26	282	39	96	10	146	18
ITSN1,21.0,35257354	207	20	382	60	195	29	255	18
P2RY10,X,78216187	386	14	660	42	321	17		
DOCK2,5.0,169097690	174	21	332	35	134	7	214	1
FZD4,11.0,86662996			672	39				
OR2T33,1.0,248436168	292	16	515	64	249	17	346	3
MARCH1,4.0,165111091	291	25	478	39	227	13	274	6
KSR2,12.0,117993069	151	2	287	16	152	4		
CADM2,3.0,85008735	262	52	422	187	221	54	332	42
TRIM31,6.0,30076701	194	68	303	96	184	51	311	19
KLHL4,X,86873114	152	31	227	83	112	34	165	37
KLHL4,X,86873113	158	31	225	84	110	33	169	37
HMSD,18.0,61621905	64	17	90	39	51	9	86	4
ACCN1,17.0,31348273					101	7		
LOXL1,15.0,74219708	151	9						
OR2Y1,5.0,180166728	188	10	336	33	175	13	211	3
MYO1H,12.0,109882069	404	2	740	46	297	4		
NPEPL1,20.0,57266585			132	15				
SEC14L5,16.0,5046895	199	7	426	48	208	11		
FOLH1(dist=196553),LOC440040(dist=153305),11.0,49426775	107	12	170	33	80	15	100	2
HELZ,17.0,65174839	261	41	584	66	261	23	390	8
CPXM2,10.0,125650957	112	9	286	1	76	5		
NUDT19,19.0,33183261	316	119	580	202	320	80	420	59
RCOR3,1.0,211433571							104	6
ORAI3,16.0,30965373			194	11				
LAS1L,X,64744924							165	10
UXS1,2.0,106780175	136	12	278	47	133	12	176	16
GPR56,16.0,57687950	253	55	565	161	243	48	275	41
TK1,17.0,76171281	197	12	365	56	171	20	197	3
FAT4,4.0,126411939	477	50	774	93	302	39	350	34
ZNF454(dist=4723),GRM6(dist=7389),5.0,178397941	128	39	331	52	168	28	173	15
SETD1B,12.0,122255401	168	18	330	76	144	21	206	3
ZNF143,11.0,9548972	91	10	120	17	87	3	71	2
OR14I1,1.0,248845390	249	23	473	58	230	29	304	2
SIGLEC15,18.0,43405643	62	9	125	39	53	13	61	12
KRTAP9-9(dist=45954),KRTAP16-1(dist=5382),17.0,39458570					221	7	286	19
SPEF2,5.0,35793299	130	12	231	46	113	29	151	6
SHANK3,22.0,51160490	187	71	400	194	196	65	284	48
SLC4A10,2.0,162833176	110	13	157	14	75	5		
SPATA5,4.0,124177199			390	22				
SIRT7,17.0,79871097					485	4	511	44
RACGAP1,12.0,50410370	122	5	217	18	88	7		
MST4,X,131189536	157	46	308	133	135	41	237	35
SPET9,17.0,75489028							165	14
RELA,11.0,65423218							182	19
abParts,22.0,23063624	75	31	154	77	79	25	145	27
STAB1,3.0,52544287	395	8			369	13	458	35
SHANK1,19.0,51192417	53	17	68	35	28	12	38	6
E2F7,12.0,77439778	147	29	297	57	143	15	218	19
AHR,7.0,17379759							266	14
CTNNA2,2.0,79878717	524	81	812	117	508	65	746	8
HECTD2,10.0,93245023	157	10	234	20	105	5		
PITPNM3,17.0,6367197	54	6	94	18	30	4	71	7
TKTL2,4.0,164393222	305	34	479	58	227	33	322	4
SORL1,11.0,121425982	121	51	202	115	122	47	165	34
MYO7B,2.0,128367430	166	89	269	190	146	52	198	55
KRT1,12.0,53073795	72	15	120	29	73	4	69	9
CDH12,5.0,21755868					274	2	286	45
MED25,19.0,50338986	216	1	344	20	186	7		
UNK,17.0,73806048	180	6	390	22	175	10		
POLN,4.0,2097621							362	24
CNTNAP2,7.0,148106399	120	27	169	45	63	10	83	9
KLB,4.0,39448362	166	52	426	136	165	49	229	49
TMEM175,4.0,949299	104	6	170	31	62	8	103	2
ZP4,1.0,238053214					121	3	142	15
PSG1,19.0,43383773	90	12	158	26	78	7	103	5
AX747676,13.0,76457267	236	21	377	73	200	14	324	9
FANCC,9.0,98002998	93	9	152	22	70	8	100	0
ARHGAP36,X,130222736	91	9	187	9	97	8	156	0
FDXR,17.0,72862548	133	24	184	59	107	24	121	11
EFNB1;EFNB1,X,68058460	128	6	268	6	106	5	163	22
TXN2;TXN2,22.0,36863964	84	21	107	78	57	25	104	23
GNAQ,9.0,80645347	197	6	360	22	169	7		
LOC339524,1.0,87598513	141	23	279	47	141	20	191	16
ZBTB33,X,119388264	393	5	612	21	282	18	474	2
OR4A5(dist=71316),OR4C46(dist=31518),11.0,51483764	170	9	318	43	111	17	215	5
PIK3C2G,12.0,18760076	88	29	143	58	63	21	120	16
NONE(dist=NONE),LOC441666(dist=146373),10.0,42680941	453	30	817	37	380	16	429	27
HHIP(dist=108553),BC044611(dist=4290),4.0,145768434	60	5	136	9	30	4		
WDR13,X,48462613	167	8	362	16	214	17	248	1
CLIP1,12.0,122839759	184	30	302	71	143	24	176	24
MDN1,6.0,90392980			206	11				
GRIP1,12.0,66838380			513	34				
COPS7A,12.0,6834903	411	41	655	111	286	31	459	21
MAPK9,5.0,179663455	119	8	182	27	110	7	127	4
NAAA(uc003hja.3:exon5:c.499-1G>T,uc003hjb.3:exon5:c.499-1G>T,uc003hjc.4:exon5:c.499-1G>T,uc011cbq.2:exon4:c.196-1G>T),4.0,76852458	214	24	438	53	185	22	244	4
DCLK2,4.0,151177065	94	1	158	12	78	5		
LDB1,10.0,103871187	166	45	362	117	133	46	193	42
HIST2H2AC,HIST2H2BE;HIST2H2AB,1.0,149858266	143	18	311	35	118	11	105	3
PTPRD,9.0,8331688	92	15	185	32	88	13	123	21
SLFN12L,17.0,33826067	61	26	103	43	45	10	51	18
ADAMTSL5,19.0,1506358	67	11	114	10	54	6	65	4
TRPC4AP,20.0,33595501							169	13
ASNSD1,2.0,190531125	276	32	611	78	246	23	361	12
AK124272(dist=32769),UGT2B28(dist=30964),4.0,70115253	73	30	121	62	74	16	128	16
KIAA0226L,13.0,46946405	141	36	260	101	113	46	170	24
SELP,1.0,169588541	100	14	227	15	99	9	148	2
CPNE2,16.0,57155092			401	31				
GNAI3,1.0,110116603	130	31	182	62	95	26	136	29
SEMA4G,10.0,102729769	119	8	262	22	98	7		
RAB25,1.0,156031162							174	12
TINAGL1,1.0,32050525	278	25	511	57	235	40	358	52
TINAGL1,1.0,32050526	274	28	509	60	237	39	366	51
IGH(dist=67852),IGH(dist=30267),16.0,33722244	97	20	217	30	100	5	94	1
SPTA1,1.0,158588993	271	33	528	99	181	24	214	14
USH2A,1.0,216371760					440	10	522	53
OR51B4,11.0,5323146					202	5	238	32
MED10,5.0,6377149	252	26	425	55	190	20	324	5
MIR3124,1.0,249120591	97	9	193	22	106	4		
AHNAK2,14.0,105411462	264	35	558	59	223	17	323	4
OR5L2,11.0,55595429	422	35	827	99	391	26	545	12
OPA1,3.0,193360648							128	7
FAM190A(dist=580307),EF565118(dist=79972),4.0,93103677	31	0	88	12	44	5	58	1
LRRC69,8.0,92231160					102	2	134	15
SIPA1L1,14.0,72055521			810	47				
SRCAP;SRCAP,16.0,30718689	64	12	80	35	41	12	76	8
LAMA3,18.0,21487880	271	6	367	26				
abParts,14.0,106405870	136	44	267	161	112	51	145	42
ACBD4,17.0,43215045	243	48	447	157	246	55	288	35
TRHDE,12.0,73050770	61	9	144	26	67	11	80	0
LRFN1,19.0,39805758					119	7		
RNF213,17.0,78291105	150	9	311	36	142	16	204	10
PPP1R12C,19.0,55607440	294	80	526	187	245	72	399	63
LYZL6(dist=21510),CCL16(dist=11322),17.0,34292213	206	10	315	24	145	9		
DHX8,17.0,41566796	89	16	189	31	84	8	162	0
SPTA1,1.0,158639340	353	141	537	237	266	81	399	42
SYTL2,11.0,85468694							229	13
ARR3,X,69496119	60	6	126	10	62	5	71	14
CSMD3,8.0,114110941	72	8	120	12	50	6		
AIG1,6.0,143486381							151	18
RBP3,10.0,48390467	222	27	425	38	168	28	213	4
C10orf105,CDH23,10.0,73494349	120	19	245	64	98	15	136	18
ZNF251,8.0,145947129	276	23	520	44	243	9	316	0
CARD11,7.0,2953057					105	1	118	8
TLE6,19.0,2987910	124	8	220	23	113	7		
SPINK1,5.0,147204198	222	31	405	87	184	30	290	29
KCNK17,6.0,39281881	255	5	518	35	221	7		
TLN2,15.0,62944239	196	5			132	8		
PCDHA11,5.0,140249138	241	15	440	49	209	12		
UNC45B,17.0,33507636	73	8	183	12	83	11		
CSNK2A2,16.0,58231463	69	6	120	17	82	9		
NRXN1,2.0,50282201	68	5	130	19	76	6	71	0
ABCC12,16.0,48134970	85	27	192	75	72	25	104	25
DNAJA3,16.0,4497009							106	8
SHC2,19.0,438927	182	33	404	107	183	28	229	29
DQ571479(dist=245519),IGH(dist=75450),16.0,33572002	97	17	125	54	53	22	96	20
SEC61A1,3.0,127788449	232	35	568	89	245	28	347	11
VSX1,20.0,25052711	141	2			132	7		
HTT,4.0,3174842	231	23	425	51	165	19	262	1
C4orf17,4.0,100451139	298	84	514	151	250	85	329	75
SEMA6A,5.0,115782992	128	29	218	63	116	33	117	19
FAM105A(dist=36329),FAM105B(dist=12167),5.0,14652616	94	11	133	23	60	17	101	7
SEMA6D,15.0,48057195	157	36	288	119	164	43	174	46
C7orf69,PKD1L1,7.0,47852924	96	9	126	27	76	13	94	8
ONECUT2,18.0,55134412	154	16	253	73	167	41	153	21
CCDC164,2.0,26679336	201	16	384	35	160	25	262	6
NTRK3,15.0,88476389	80	20	124	68	82	24	75	21
LPP,3.0,188464293	327	35	576	103	266	27	372	15
ZNF423,16.0,49671739	261	51	490	187	247	59	327	38
DPY19L2P1,7.0,35180702	466	69	684	114	379	65	495	86
PDE2A,11.0,72363647	154	45	297	117	156	29	165	77
FAM46A,6.0,82462253	156	3	243	0	96	7		
MRPS18A,6.0,43646405					126	1	134	39
KCTD1,18.0,24056753	187	46	292	61	119	45	164	19
IQSEC3,12.0,266738	481	21	865	52	405	15	611	12
DKFZp434P0216,9.0,133261908	59	9	74	46	35	21	80	21
DQ599872(dist=16841),CO9(dist=8329),7.0,55832543	265	22	466	68	182	11	217	1
STAG1,3.0,136085892	64	0	115	10	70	0	77	0
PRSS55,8.0,10388822	161	12	273	51	147	24	178	32
abParts,14.0,106320748	149	13	281	84	120	15	194	5
DKFZp434P0216,9.0,133261907	59	11	74	46	35	21	81	21
REG3G,2.0,79254236	387	198	546	361	362	185	465	89
CACNA1G,17.0,48678096	324	10	613	51	300	18		
GREB1L,18.0,19041568	70	21	134	36	80	10	82	6
TMC7;TMC7(uc010vao.1:exon8:c.993-1G>T),16.0,19049199	300	71	531	197	253	68	335	70
GAB3,X,153940687	251	0	429	10	213	5	196	15
TLR8;TLR8,X,12924828	242	20	451	19	218	20	291	17
PDCD6,5.0,271922	68	5	97	10	60	1	69	2
USP54,10.0,75277490	140	35	240	69	103	30	165	15
CD99,X,2637612	57	9	132	36	61	1	123	3
OR2T8,1.0,248085192	110	14	197	43	108	19	129	4
RGS3,9.0,116224458	83	1	141	20	72	8	102	2
BEND3,6.0,107420564	433	66	703	141	375	51	586	10
PHGDH,1.0,120278071	62	20	90	46	61	13	91	20
INCENP,11.0,61906265	255	33	419	63	170	16	243	7
LOC155060,7.0,148982680	93	5	181	12	80	0		
DOCK10,2.0,225649422	224	86	435	225	207	72	332	71
ATRX,X,76777766							255	14
TRIM25,17.0,54969319	350	35	686	100	277	28	462	13
ENO3,17.0,4859218			102	7				
JPH3,16.0,87724018	167	15	284	74	143	18	184	9
MYH13,17.0,10222163	83	15	181	27	105	5		
C1orf173,1.0,75132292	89	13	145	19	53	8	77	4
PDZD4,X,153069555					118	0	98	9
TTC3P1,X,74963198			140	14				
PPP1R32,11.0,61257908					241	7	257	15
OR2M7,1.0,248487634	362	26	624	54	252	11		
MAGEB6,X,26212393	108	12	129	26	70	6	129	1
ANKRD42,11.0,82922460							283	33
TDRD12,19.0,33291730							384	27
LOC100129055,10.0,38484487	127	20	238	28	112	8	169	8
LAMA3,18.0,21394306							130	10
CUL4B,X,119693931	288	10	495	16	198	16		
OR5K3,3.0,98110149	121	14	189	31	68	9	79	7
NAT16,7.0,100815361			526	29				
IGH,16.0,31973492	342	100	530	192	297	60	370	82
NRXN1,2.0,50573958	109	11	219	42	82	8	121	0
SPIRE2,16.0,89930126	103	11	213	4	85	1		
ADCY2,5.0,7690873	138	20	268	76	147	27	178	21
FAM105B,5.0,14687636							342	20
MAGEB4,X,30260301	209	56	371	183	244	86	302	49
C1orf94,1.0,34677836	140	33	198	109	105	52	184	22
ANK2,4.0,114199062	182	40	386	105	160	39	261	38
CACNG6,19.0,54496235	135	1	266	17			171	2
CTNNA2(dist=548066),5S_rRNA(dist=299284),2.0,81424054	79	15	149	26	89	7	98	1
DNAH14,1.0,225339737	93	1	163	13	81	0		
TTLL3,3.0,9868966	87	4	106	33	71	16	128	2
DKFZp667P0924(dist=31246),LOC729234(dist=71806),2.0,96604493	316	19	521	31	182	8	280	13
URGCP,7.0,43927227	175	4	274	0	111	8		
EFNB2,13.0,107165154	97	16	132	24	72	9	98	5
USH2A,1.0,216052274	298	151	488	314	206	130	333	143
KRT31,17.0,39553763	54	7	105	17	31	13	46	4
BCORL1,X,129155058	203	10	391	14	188	11		
ACOT12,5.0,80639682	105	11	198	32	78	15	100	5
NONE(dist=NONE),OR11H12(dist=262919),14.0,19114675	71	3	108	9	46	3	87	1
MCTP1,5.0,94288942							145	17
DGKK,X,50144050	149	21	283	34	126	11	196	7
AK093362(dist=183364),NONE(dist=NONE),5.0,21121164	97	22	169	61	85	20	110	11
EXOC3,5.0,446216	164	9	294	31	129	8	199	3
ARHGEF11;ARHGEF11,1.0,156946845	436	110	645	258	389	120	480	76
MYO3B(uc002ufv.3:exon19:c.2238+1G>T,uc010fqb.1:exon19:c.2277+1G>T,uc002ufy.3:exon19:c.2277+1G>T,uc002ufz.3:exon19:c.2277+1G>T),2.0,171259506	228	86	359	204	163	80	256	51
GTPBP3,19.0,17450047	146	29	223	45	120	13	145	6
DYNC2H1,11.0,103024023	100	7	151	19	71	8		
CYLC1,X,83128300	195	4	328	8	155	9		
GPR39,2.0,133175268	546	57	729	83	474	52	716	8
GPR39,2.0,133175269	546	56	741	84	472	52	711	8
MID1,X,10437927	116	3	160	9	75	5	111	20
ATP5S,L2HGDH,14.0,50778967	51	5	96	46	45	15	60	10
C16orf58,16.0,31505179							250	17
SETD2,3.0,47147552	205	18	306	84	156	21	237	10
ADAM2,8.0,39694802	45	14	74	32	35	2	58	4
GCK,7.0,44185155	76	9	138	21	80	4	102	0
SP140,2.0,231134278	123	31	224	112	103	61	147	13
FAM190A,4.0,91645162	155	10	281	42	142	8		
KIAA0895L,16.0,67210719	79	16	108	45	48	24	92	5
DNHD1,11.0,6587085	291	38	592	94	262	25	380	1
PDIA3,15.0,44053759	313	24	629	89	291	34		
SERPINB11,18.0,61390546	190	40	342	89	180	39	217	27
FAT4,4.0,126411667	306	30	587	59	273	25	315	10
B4GALNT1,12.0,58022775	198	47	234	68	122	17	179	23
ACSF2,CHAD,17.0,48542574	106	18	188	22	66	7	138	2
WDR16,17.0,9541700	70	17	101	27	55	7	75	6
CACNA1H,16.0,1268168	54	18	112	39	42	14	68	14
NVL,1.0,224415396					160	3	147	12
PIGO,9.0,35094343	100	8	207	34	88	7	97	16
CTNNA2(dist=548332),5S_rRNA(dist=299018),2.0,81424320	52	9	120	7	53	6	77	5
CLEC4C,12.0,7882175	135	16	153	34	114	17	166	3
CA2,8.0,86389395	226	24	495	36	214	25	270	9
GVINP1,11.0,6741208	235	29	361	48	178	19		
CD34,1.0,208062338	93	11	143	21	55	12	89	5
HAS2-AS1(dist=258771),BC052578(dist=50510),8.0,122916335					241	8	242	22
CUL1,7.0,148485724	224	42	499	113	224	42	282	19
LINC00535,8.0,94658531					163	2	138	24
C6orf103,6.0,147038714	104	7	189	22	101	12	139	14
UMPS,3.0,124451518	145	5	194	36	84	3		
C19orf35,19.0,2276336	107	31	237	112	123	28	206	21
RPH3A,12.0,113332389			217	22				
KLHL5,4.0,39094765	249	22	456	41	217	30	360	1
EML6,2.0,55195381	106	19	217	59	74	24	133	9
ZSWIM4,19.0,13925420	138	36	244	86	112	35	169	25
APBA1,9.0,72131966	107	8	229	31	93	8	107	4
CDH13,16.0,83658853	35	4	75	29	35	8	28	0
CSMD1,8.0,3141739	144	6	157	43	107	10	121	12
RBM10(uc004dhf.3:exon21:c.2356-1G>T,uc004dhi.3:exon21:c.2551-1G>T,uc004dhh.3:exon21:c.2353-1G>T,uc010nhq.3:exon20:c.2125-1G>T,uc004dhg.3:exon20:c.2122-1G>T),X,47045114	373	15	673	41	388	22		
ZNF268(dist=3894),LOC647589(dist=7307),12.0,133787591	268	30	584	61	242	27	348	12
ABCD4,14.0,74753124	344	53	608	130	303	34	369	7
SPTB,14.0,65251072	137	14	298	81	128	25	197	4
ASAP1,8.0,131199629	102	4	171	13	88	2		
DYNC2H1;DYNC2H1,11.0,102999733	113	21	223	66	111	22	118	22
PRG3,11.0,57147054	291	38	501	62	208	24	321	5
APOBR,16.0,28508502							113	11
CACNG4,17.0,65014256	181	30	358	87	142	37	164	13
C7orf57,7.0,48075826	85	2	211	16	105	2		
GRIPAP1,X,48853742	97	3	117	15	60	1		
NAV2,11.0,19901615	95	20	199	41	101	16	127	23
PNLIPRP1,10.0,118357441	322	24	659	101	290	16	338	5
FAM19A2,12.0,62261047	97	33	197	65	81	29	115	16
CDK5RAP2,9.0,123177453	101	27	190	38	90	7	106	10
OR14A16,1.0,247978662	269	48	456	120	203	25	275	36
ZNF333,19.0,14828361	110	12	166	33	64	8	97	0
PRDM4,12.0,108136918	88	12	104	27	58	6	63	7
ABCC6P1,16.0,18604018	100	7	211	32	99	7	124	1
TCRB,7.0,142099466	284	27	614	59	251	22	353	8
OR4A47,11.0,48511007	282	18	522	86	223	33	300	6
DAZL,3.0,16635194							164	9
KCNK5,6.0,39159307	179	80	376	141	180	67	255	34
SPEG,2.0,220353036	318	16	555	88	260	12	327	8
GPR85,7.0,112724805	182	22	295	44	150	17	196	3
DPEP1,16.0,89696753	64	8	112	22	47	8	34	0
OR5L1,11.0,55579291	341	77	542	130	267	47	363	37
ARHGEF10L(uc009vpe.1:exon20:c.2155+1G>T,uc001ban.3:exon21:c.2272+1G>T,uc001bao.3:exon19:c.2155+1G>T,uc001bap.3:exon18:c.2140+1G>T,uc001baq.3:exon12:c.1555+1G>T,uc010ocs.2:exon12:c.1591+1G>T,uc001bar.3:exon10:c.1381+1G>T),1.0,17966798	56	6	149	36	51	16	94	2
SIDT1,3.0,113300194			172	17				
GPR158,10.0,25887198	343	9	512	63	246	10		
LOC100506779,17.0,56403917	102	0	153	9				
MTMR12,5.0,32248212	193	20	382	42	194	9		
SERPINE2,2.0,224862727	262	30	474	43	199	20	273	53
TNRC6B,22.0,40658112							185	11
TRIM45,1.0,117664507	344	25	678	93	323	40	503	12
CDH10,5.0,24509642					223	6	234	53
OR8U8,11.0,56268206	162	43	254	83	90	24	131	37
OR8U8,11.0,56268207	155	43	250	83	90	25	129	37
IL1RAPL2,X,105011009	260	17	508	16	163	15	239	20
BAZ1B,7.0,72903551	152	8	239	24	127	8	187	2
AK094599,2.0,133075251	327	24	653	43	296	13	279	13
MYO19,17.0,34866641					139	1	148	8
SPTBN4,19.0,41071273	128	20	204	26	83	13	124	11
TCRBV1S1A1N1,7.0,142239607							143	10
FOXO4,X,70320913	257	9	470	17	204	17	303	35
NAT16,7.0,100816693					117	0	110	10
SORCS3,10.0,106865095							119	7
ZNF358,19.0,7585909	71	12	167	35	100	7	127	0
LOXHD1(uc010xcw.1:exon13:c.1519-2A>T,uc002lcg.1:exon6:c.685-2A>T),18.0,44172033							147	16
ARHGAP24,4.0,86898733	408	30	664	70	281	19	414	2
METTL9,16.0,21664022	236	22	389	24	206	4		
ATP2B2,3.0,10413577	202	2			187	9	240	22
PCMT1,6.0,150092261	56	8	142	42	51	8	91	5
VCAM1,1.0,101194777	161	6	337	36	167	6		
BMPR2,2.0,203397280	279	16	517	32	249	10		
DGKG,3.0,185998470	85	4	161	25	58	5	92	2
COL12A1,6.0,75847209	81	7	144	18	70	14	87	15
RAPGEF1,9.0,134526233	59	16	121	59	60	11	103	16
FAM71B,5.0,156593172	118	12	249	39	115	9	186	1
PRUNE2,9.0,79465553							413	22
NKAIN4,20.0,61873062	112	8	268	33	135	15	173	20
PDZD4,X,153073849	467	11	828	32	426	25	427	5
TP53RK,20.0,45315692	119	14	266	15	123	4		
SPAG9,17.0,49156970							114	12
LYG2,2.0,99870486	118	4	128	9	47	2		
CCDC129,7.0,31617511	142	13	311	30	142	26	139	45
GPR112,X,135432396	455	54	751	145	376	32	597	10
C4orf47,4.0,186366114	318	19	567	73	295	15		
PTGS1,9.0,125140325	157	9	267	35	141	10	171	2
NEUROD4(dist=85734),OR9K2(dist=14018),12.0,55509535	62	5	124	29	37	11	91	2
LINC00273,16.0,33961847	75	14	107	27	49	9	86	4
ESPL1,12.0,53681803	46	0	104	12				
ADAMTS3,4.0,73156870	44	7	102	18	45	3	56	0
MACF1,1.0,39924075							156	10
DNAH9,17.0,11597146							218	16
REC8,14.0,24648293	170	7	265	25	121	11	185	1
CTNNA2,2.0,80809000	55	18	79	43	33	14	66	2
LAMB1,7.0,107616172	151	31	248	83	117	43	135	25
LOXHD1,18.0,44089684	49	5	103	7	72	6		
PSKH2,8.0,87076818							532	44
DCHS2,4.0,155305584	271	48	544	66	203	30	349	13
CDC42BPA,1.0,227441643	167	41	230	22	97	12	143	16
SLAMF7,1.0,160721954	226	24	545	140	235	47	330	0
ADAMTS12,5.0,33527246	59	15	127	42	42	10	67	17
USF2,19.0,35770043	111	10	221	48	105	8	189	2
OR4A16,11.0,55110723	384	92	674	177	326	63	451	49
OBSCN,1.0,228486392	268	41	467	75	190	41	276	27
MPP3,17.0,41888106	327	33	543	80	221	25	377	7
SLC26A7,8.0,92364072	277	39	492	118	208	52	252	43
ACSM1(dist=31649),THUMPD1(dist=4271),16.0,20740715	98	3	153	33	81	6	101	1
NEK11,3.0,130851422	59	16	116	17	49	8	81	0
MRPS23,17.0,55918220	236	22	375	59	158	20	211	28
FUT8(dist=136437),Y_RNA(dist=296969),14.0,66347276	115	2	186	29	92	8	107	2
ERCC2,19.0,45872071	102	9	145	8	59	6	76	11
PDPK1,16.0,2607979					266	11	322	24
TJP1(dist=183037),AK310526(dist=78151),15.0,30297743	64	11	131	13	82	8	80	7
BEST2,19.0,12864070	99	15	142	14	104	3		
RFPL3,22.0,32756436			690	42				
ADAM18,8.0,39564325	26	7	94	6	38	5		
DGKI,7.0,137531331	75	4	107	44	62	24	98	15
FBXL7,5.0,15937041	373	27	799	87	359	30	535	5
ODC1,2.0,10585124	81	20	134	64	43	20	101	27
DAPP1,4.0,100738246	76	14	180	42	77	14	112	7
OR5D16,11.0,55606813	574	49	829	102	516	48	678	4
PLXNA3,X,153694381	148	2	290	4	116	6	101	9
ZMIZ1,10.0,81056141	77	13	129	45	60	8	73	15
LMOD2,7.0,123296065	119	17	269	41	108	9	160	0
ARAP1,11.0,72406195	83	22	85	42	60	14	79	14
PLEKHA5,12.0,19501402	124	21	135	64	94	22	115	22
GYG2,X,2761300	139	11	203	62	119	18	142	18
NONE(dist=NONE),EMBP1(dist=2316),1.0,121304108	179	25	293	44	141	34	208	84
CLEC10A,17.0,6981288	291	40	516	82	207	33	313	51
OCIAD1,4.0,48835501	210	10	381	42	180	8		
MAGEB18(dist=19841),MAGEB6(dist=31863),X,26178694	65	17	84	25	41	14	58	3
CNGB3,8.0,87623862	149	13	282	27	127	3	171	2
PXDNL,8.0,52361573	276	106	528	211	262	85	343	65
ODZ1,X,123697768	136	1	212	22	115	7	145	17
C9orf91,9.0,117386599	206	3	289	20	134	2		
SORCS3,10.0,106926954	223	29	309	36	144	14		
C18orf26,18.0,52258460	224	6	369	39	136	5		
SIGLEC1,20.0,3678585	43	7	145	20	60	10	79	10
GRM6,5.0,178408767	406	33	764	115	391	50	509	10
PRL,6.0,22297203	266	6	451	26	203	13		
FARP2,2.0,242423598	170	10	404	49	141	15	214	4
DHX37,12.0,125449013	146	31	331	87	121	19	219	24
SLC44A5,1.0,75708743	286	70	442	183	263	59	405	85
OR2W3,1.0,248059219	294	44	544	80	251	29	326	31
FKBP8,19.0,18649003							96	6
OR56B4,11.0,6129499	249	37	414	72	202	25	290	3
CACNA2D3,3.0,55108110	192	23	256	57	109	15	164	12
LRRK2,12.0,40697756	318	40	573	105	264	23	401	23
RUFY3,4.0,71670024	85	16	179	30	71	10	91	7
RYR2,1.0,237656228	51	30	82	60	37	23	74	22
MEIS3,19.0,47920800	126	42	225	84	136	44	182	37
ABCA2,9.0,139915159	96	37	227	94	87	30	129	15
NOTCH1,9.0,139405730							212	13
KIF26A,14.0,104642544	80	13	122	68	65	24	98	19
ZNF329,19.0,58640584	220	29	307	75	153	9	235	14
LILRA1,LILRA2,19.0,55107694	206	23	432	54	211	22	321	1
LILRA6,LILRB2,19.0,54781296	25	4	75	34	38	2	41	2
PCDHGA4,5.0,140736511							274	23
KCNA6,12.0,4920642	294	1	450	22	212	12		
C2orf57,2.0,232458568	238	14	455	47	215	8	261	2
COL11A1,1.0,103474049							319	18
CTPS2,X,16688780	150	10			126	4		
LOC158376,9.0,35910673	151	11	322	27	152	4		
RPL3,22.0,39713095	26	16	79	38	40	7	71	3
SWI5,9.0,131046839	103	7	216	21	104	12	125	10
TM6SF1,15.0,83776520	223	14	530	39	239	21		
MEAF6,1.0,37975227	59	6	110	14	43	8	56	1
OSBPL5,11.0,3115497	89	16	197	49	113	13	144	0
WT1;WT1,11.0,32413527	70	6	127	19	61	2		
EBNA1BP2,WDR65,1.0,43665042							197	11
GPR17,2.0,128409236	258	40	446	53	200	29	256	31
KCNA1,12.0,5021641	304	26	507	70	255	8		
LOC100132831,X,40691525	63	10	152	4	74	7	108	10
NCKAP1L,12.0,54914881	196	11	354	38	154	20	224	1
PDE1A,2.0,183387071	295	133	520	338	262	76	399	60
RBM6,3.0,49977874	47	15	95	61	36	5	64	18
OR6K3,1.0,158687789	286	22	515	43	192	15	216	6
RBM26,13.0,79915333	131	6	179	27	115	4	139	8
AK302694,10.0,31006042	122	8	227	17	88	14	134	4
PDZK1IP1,1.0,47652971			458	32				
CCNE1(dist=97032),URI1(dist=2304),19.0,30412247	74	21	148	43	47	10	74	11
SH2D1A(uc004euf.4:exon3:c.346+2T>G),X,123504172							290	18
AK126539,16.0,11553734	93	10	162	26	70	7	101	6
ARHGAP22,10.0,49658561	53	29	129	40	55	11	70	8
Mir_584(dist=530683),ZFPM2(dist=122646),8.0,106208501	84	4	132	21	55	0	70	1
ZNF716,7.0,57522776	252	51	361	121	196	45	301	41
FAM53A,4.0,1646116	139	15	204	25	94	3	111	5
FAM9A,X,8766060	81	1	101	10	33	6	93	0
MIR572(dist=3349),HS3ST1(dist=26094),4.0,11373894	41	13	109	27	57	7	58	7
CACNG3,16.0,24372762	364	127	613	222	292	86	331	76
POLA1,X,24948654	141	10	237	31	149	5		
TMEM145,19.0,42818745					145	0	166	9
CDH12(dist=450576),PRDM9(dist=203417),5.0,23304307	53	7	102	9	43	0	54	0
TRIML2,4.0,189020271	127	28	290	91	101	41	157	24
C21orf56,21.0,47588367	200	12	399	66	196	10	261	8
CTTN,11.0,70279192	100	28	232	77	103	32	166	22
NONE(dist=NONE),ANKRD26P1(dist=75514),16.0,46427735							57	0
FAM20A,17.0,66596409					165	10		
AGRN,1.0,982345	47	30	106	40	52	9	60	11
TMEM132A,11.0,60697913	98	30	165	65	80	16	110	23
FMO9P,1.0,166593028	252	13	486	56	229	12	348	3
CDH10,5.0,24593606	255	12	455	36	203	5	324	6
GCNT1,9.0,79117491							304	16
ACCS,11.0,44104771	213	32	397	99	137	30	218	16
TMPRSS11A,4.0,68788657	147	9	251	26	126	3		
EZH2,7.0,148543505	248	25	463	79	184	23	253	23
FAM105A(dist=36331),FAM105B(dist=12165),5.0,14652618	87	11	133	22	65	19	101	7
SLC22A25(dist=13853),SLC22A10(dist=46453),11.0,63010977	99	14	170	17	92	2	102	4
NR5A2,1.0,200089965	223	146	420	246	202	115	315	134
CAMSAP3,19.0,7675588	150	24	261	49	128	10	170	28
MUC16,19.0,9088055	196	19	378	62	156	15	200	25
OR1L6,9.0,125512877	151	20	215	29	92	10	125	14
NONE(dist=NONE),FAM5C(dist=106719),1.0,189960078	138	15	218	28	117	8		
KIRREL,1.0,158059363							214	12
OR10K2,1.0,158390486	709	115	805	142	630	130	661	39
ESX1,X,103499201	455	125	565	253	387	126	585	95
ZNF611(dist=16372),ZNF600(dist=14069),19.0,53254679	55	11	94	44	50	12	85	4
PCDHB8,5.0,140558360	808	70	796	140	648	73	843	55
IL16,15.0,81575142	65	12	103	35	45	14	64	6
CPA3(dist=89953),GYG1(dist=4370),3.0,148704825	115	15	179	22	87	9	99	3
NONE(dist=NONE),MIR4522(dist=210598),17.0,25410338	193	23	246	33	116	12		
TAS2R38,7.0,141672492	226	60	455	97	192	45	232	37
