gene_id	11	11	12	12	13	13	14	14
EFCAB1,8.0,49637323	570	175	634	307	724	236	819	149
TTYH2,17.0,72246232	860	89	838	105	852	93	927	18
TRAPPC8,18.0,29412062	602	50	801	91	884	76	868	20
ZMIZ2,7.0,44799920	577	80	791	142	823	101	870	62
DOCK7,1.0,62993955	567	161	720	218	749	188	802	110
CALCR,7.0,93125136	534	45	842	105	801	78	899	12
AGPAT5,8.0,6578209	565	70	824	136	842	94	861	90
MARCH1,4.0,165110974	841	102	839	100	862	89	920	16
FYN,6.0,112017631	565	42	862	100	838	51		
BC034630(dist=55664),LOC340094(dist=203830),5.0,4830642	752	81	889	83	877	86		
NEUROD2(dist=13966),PPP1R1B(dist=5036),17.0,37778141	716	94	814	116	854	92	922	15
MLNR,13.0,49794914	367	44	583	135	451	79	618	24
SNORD115-15,SNURF-SNRPN,15.0,25468529	450	26	706	54	655	43		
EGFLAM,5.0,38427232							849	111
OR6B3,2.0,240984402	656	60	855	110	864	91	858	96
SOX17,8.0,55371048	748	85	830	112	828	97	918	21
DCST2,1.0,154998897	832	89	779	169	836	125	880	55
STL,6.0,125231857	422	63	706	131	653	96	788	45
AKT2,19.0,40748662	627	65	801	131	865	82	923	19
BC044609(dist=276290),DTWD2(dist=275817),5.0,117896752	527	104	770	171	722	170	861	107
COL9A3,20.0,61456279	203	19	306	39	302	32	280	9
CYTIP,2.0,158272280	840	126	850	115	885	76	937	25
HEPHL1,11.0,93800813	865	85	854	121	867	99	946	21
UIMC1,5.0,176397896	876	49	866	104	878	80	952	20
LHFPL1;LHFPL1,X,111914633					928	14	885	40
DQ570464,15.0,34812865	389	27	568	48	480	50		
UIMC1,5.0,176397899	868	51	862	102	891	80	949	22
SNORD114-10;SNORD114-9,14.0,101432500	611	104	822	120	807	101	893	22
DQ600701(dist=107200),C10orf112(dist=422115),10.0,19355908	829	100	848	116	900	72	949	27
CHD7,8.0,61768605	865	89	870	97	871	83	947	19
RBM19(uc009zwi.2:exon24:c.2665-1G>A,uc001tvn.4:exon24:c.2665-1G>A,uc001tvm.3:exon24:c.2665-1G>A),12.0,114282594	670	23	827	119	892	42		
GPR123,10.0,134895310	260	36	413	57	382	39	402	13
CUL7,6.0,43008519	800	59	830	110	871	65	909	24
GABRA1,5.0,161277900	432	81	654	212	556	125	617	91
CALCA(dist=15755),CALCB(dist=85559),11.0,15009587	409	9	707	89	650	30		
TCRBV5S2(uc010lnz.1:exon3:c.50-1G>T),7.0,142131706	342	97	614	195	615	126	594	101
BMP7,20.0,55803317	730	83	847	98	808	94	784	109
MN1,22.0,28193600	660	64	732	153	824	67		
OTOF,2.0,26693912	807	90	837	114	804	152	807	114
ATP8B4,15.0,50294360			810	30				
COL12A1,6.0,75844608					891	13	857	32
CDH22,20.0,44869716							838	47
KRAS,12.0,25398285	554	122	741	211	773	187	849	104
OR2G6,1.0,248685254	504	277	533	414	600	335	648	264
GYS2,12.0,21757490	425	140	672	279	662	187	699	108
CAMK2A,5.0,149618187	400	46	722	70	673	42		
DKFZp667J0810,abParts,22.0,22893166	556	88	778	144	769	103	909	31
DYSF,2.0,71753497	102	48	134	99	137	47	170	30
AX746654,20.0,5296939	706	122	790	129	798	139	817	104
PAPL,19.0,39589276	564	170	673	249	675	194	810	111
CPXCR1,X,88008930	832	23	919	48	916	60	896	75
GPR83,11.0,94113198	772	96	838	119	897	78	950	12
C19orf63,19.0,50985573			764	35				
CYFIP1,15.0,22958354	251	76	329	136	374	88	405	74
PLEKHA6,1.0,204225857	589	88	799	151	804	143	791	99
YEATS2,3.0,183524595	821	70	828	127	897	59		
SBF1P1,8.0,56364370							723	94
KRTAP17-1,17.0,39471791	118	28	194	65	206	55	178	32
SEC16A,9.0,139371611					523	8	477	21
CCDC102B,18.0,66513723							894	30
MEGF8,19.0,42880708	246	80	374	206	403	113	434	77
LONRF3(dist=55800),KIAA1210(dist=4849),X,118207749	21	6	25	15	25	10	44	8
OR1I1,19.0,15198790	524	73	719	117	778	99	770	91
STXBP5,6.0,147588277	422	42	693	144	687	89	763	95
ANK1,8.0,41615557	573	68	807	136	830	90	880	74
POLQ,3.0,121264662	832	89	787	150	834	98	912	26
SETBP1,18.0,42531236	330	26	568	60	494	45	510	11
MEF2C,5.0,88018634	751	44	861	82	900	29		
TSNARE1,8.0,143396322	715	190	746	194	760	189	749	183
DQ571479(dist=62418),TP53TG3C(dist=293375),16.0,32391474	810	80	873	100	862	106	954	15
IMP5,17.0,43922769	822	72	798	116	804	117	883	63
GRM4,6.0,34004055	572	80	748	191	830	110	832	28
JA660597(dist=361563),UBE2MP1(dist=76705),16.0,34327097	519	40	871	93	837	68	798	11
ENTPD8,9.0,140331724	486	52	801	113	708	70		
FHL5,6.0,97058506	840	121	827	153	848	126	956	19
FSIP2,2.0,186654959	523	61	838	106	823	62	834	12
CFB,6.0,31914868					943	16		
DSE,6.0,116747877	579	94	792	140	789	136	861	94
BC035176(dist=112522),DQ581928(dist=158936),7.0,56718345	376	47	577	95	565	66	607	14
ZNFX1,20.0,47887372	853	38	891	73	890	39		
SMC3(uc001kze.3:exon3:c.130+1G>T),10.0,112333504	734	71	867	93	863	91		
GPR112,X,135482154	529	38	753	121	821	69	938	12
LOC100128590,2.0,40401944	324	151	576	338	627	254	699	130
ITPRIPL1,2.0,96993758							903	40
CPT1A,11.0,68552309	845	89	829	116	825	102	940	11
U3(dist=185300),NONE(dist=NONE),3.0,90264945					930	13	833	36
ADAMTS13,9.0,136321188					907	21		
FOLH1(dist=170707),LOC440040(dist=179151),11.0,49400929	813	74	829	119	867	90	924	12
ZFP37,9.0,115811737	793	112	871	103	883	83	925	29
C15orf2,15.0,24923001	564	78	790	144	791	77	888	20
BTBD18,11.0,57513110			915	30				
MAN2A1,5.0,109155399	566	100	722	222	799	154	848	113
ACAP1,17.0,7250452	434	39	590	100	566	77	676	87
CYP4Z2P,1.0,47348894	437	53	497	95	520	61	492	50
NPHS1,19.0,36333166	239	33	373	68	364	41	416	6
FAM171A1,10.0,15255553	758	164	734	223	747	200	813	115
SH3KBP1,X,19560045	594	32	842	60	845	32		
CACNA1G,17.0,48704085	733	95	831	113	843	94	928	20
OTOGL,12.0,80672956							920	41
TTC7B,14.0,91044511							896	40
EXT1,8.0,118830697	873	72	871	98	881	67	921	25
THSD1,13.0,52960359	443	73	734	115	692	79	777	28
SSTR4,20.0,23016535	736	169	733	226	748	204	801	132
GCET2,3.0,111842612	567	144	715	245	749	181	819	139
KIAA1432,9.0,5772558	661	126	804	157	786	184	857	112
CLECL1,12.0,9885720					464	10	457	37
SLC6A12,12.0,319047	622	185	649	293	719	224	791	134
KCNA5,12.0,5153507	237	95	325	133	312	111	386	54
SLC34A1,5.0,176813121	529	119	728	155	706	150	741	98
SNRNP70,19.0,49593767							910	44
RBBP5,1.0,205069511	322	9	503	37	494	10		
MAGEA4,X,151081008	283	41	405	88	421	65	576	11
PCDHA1,5.0,140168344	672	37	860	111	920	50	943	14
KRT39,17.0,39123039	848	107	840	131	859	105	946	27
DD413621,2.0,186412490	637	127	724	246	798	169	866	22
JA660597(dist=309076),UBE2MP1(dist=129192),16.0,34274610	622	63	826	119	857	72	874	17
LOC400891,22.0,21411451	360	127	467	282	473	177	692	118
POU2F2,19.0,42595732	438	140	568	239	573	169	662	97
MCF2L2(uc003fli.1:exon8:c.753+1G>A,uc003flj.1:exon8:c.753+1G>A,uc003flp.1:exon8:c.858+1G>A),3.0,183035855	483	56	826	87	704	71	815	9
SYNPO2,4.0,119952841	905	55	854	119	917	39		
SLC28A3,9.0,86902943	777	96	811	133	841	116	853	101
KIR3DL1(uc002qhl.4:exon9:c.1159-2A>T),KIR3DL2(uc002qho.4:exon9:c.1159-2A>T,uc010esh.3:exon8:c.1108-2A>T),19.0,55377975	542	161	657	280	741	218	813	129
OR5F1(dist=20900),OR5AS1(dist=14894),11.0,55783001	778	85	844	113	860	90	932	21
MTOR,1.0,11291506	468	5			810	13		
RBMX;RBMX,X,135960074	907	35	925	37	901	55	869	92
DQ571874(dist=631951),Metazoa_SRP(dist=348742),4.0,28364078	643	132	748	221	782	153	804	125
C1orf101,1.0,244751957	463	26	744	91	667	70	777	13
TRPC5,X,111022229	647	22	927	37	916	44	944	12
abParts,2.0,90248909	629	44	827	113	854	101		
NFASC,1.0,204943393	754	163	708	214	781	142	885	31
ZNF253,19.0,20003217	185	6	281	36	297	7		
OR4M1,14.0,20249473	603	72	801	156	829	85	837	101
FMNL1,17.0,43309990	641	56	860	101	821	54		
TAGAP,6.0,159461826					904	10	865	65
URB1,21.0,33697691	549	41	843	101	836	68	867	26
CCDC169,CCDC169-SOHLH2,13.0,36828076	180	61	348	89	361	61	445	13
METTL21B,12.0,58166794	642	90	791	165	847	115	899	53
B3GAT2,6.0,71603799	631	79	811	124	824	127	888	49
CCDC146,7.0,76885926	808	111	826	153	875	95	948	20
CEP170,1.0,243289840					756	11	707	54
BMPER,7.0,34086042					955	14	919	49
NRCAM,7.0,107864253	650	181	730	240	758	204	853	99
HLTF,3.0,148802475	672	73	813	153	833	107	891	64
ATP5J2-PTCD1,PTCD1,7.0,99032438	630	141	730	230	786	169	800	136
COL6A5,3.0,130145193	662	12	924	48				
INSRR,NTRK1,1.0,156818562	607	178	664	275	692	206	793	122
SLC34A2,4.0,25664437	541	40	821	104	817	81		
TMEM35,X,100349859							710	23
PLEKHG6,12.0,6428872	903	61	925	44	926	47	948	22
SETX,9.0,135153578	507	62	841	129	745	99	661	107
CDH10,5.0,24509643					875	9	696	113
FASLG(dist=219326),TNFSF18(dist=155022),1.0,172855338	616	57	853	112	876	79	900	13
EIF3A,10.0,120809528							845	39
SH3D19,4.0,152080481	604	23	867	74	828	20		
MAP3K6,1.0,27685708	863	60	849	105	922	32		
FAM135B;FAM135B,8.0,139263084	532	95	762	204	742	165	647	162
GANAB,11.0,62402623	671	38	818	55	858	36		
ZNF492,19.0,22817321	782	98	767	140	824	95	891	16
LCE1B,1.0,152784913							918	26
TMEM207,3.0,190158046			911	13	908	26		
ZFP57,6.0,29644909					937	11	894	63
MRGPRF,11.0,68773223					892	15	793	152
BCAT2,19.0,49314113	633	221	693	255	630	240	748	124
NUSAP1,15.0,41663828			511	29				
hCG_1995134;KIRREL,1.0,158066279	672	79	771	174	805	121	753	33
RYR3,15.0,33993226	591	25	819	82	874	36		
C3orf58,3.0,143691523			893	36				
AK308561,9.0,66457125	729	51	782	63	800	30	850	13
DENND2A,7.0,140223187							885	48
LCN8,9.0,139650957	596	265	576	376	694	258	818	140
GRK1,13.0,114435874	377	40	667	111	579	68	578	39
FSCN3,7.0,127236527							901	43
LRP6,12.0,12339823	619	96	766	134	805	96	866	13
ERCC2,19.0,45872072	306	31	544	90	515	71	529	52
WNK3,X,54319643	714	22	927	30	897	60	948	10
GLB1,3.0,33055659	318	90	465	236	457	160	538	98
THBS2,6.0,169625417	659	29	851	88	892	33		
CCDC6,10.0,61612410	472	9	828	41				
PLEKHG1,6.0,151152498	525	11	845	51				
MAGEA3,X,151935200							880	40
PEG3,19.0,57327108	718	37			879	53	891	76
TBX3,12.0,115110103	502	48	821	118	806	72	765	14
PHF21B,22.0,45312235	230	39	346	77	312	51	417	6
SERPINB2,18.0,61562593	807	82	855	103	883	86	933	28
SNX10,7.0,26412041	679	227	708	271	763	219	822	148
SULF2,20.0,46288319	452	215	572	372	622	290	755	176
AKAP2,PALM2,PALM2-AKAP2,9.0,112694108	443	166	614	342	671	236	737	137
abParts,14.0,106791004	899	53	887	81	905	53	935	12
MED24,17.0,38188139	112	29	200	59	160	54	189	41
MEI1,22.0,42120098	380	116	484	263	485	177	684	109
IL8,4.0,74606472	764	76	858	115	863	104	911	23
ANXA1(dist=304986),RORB(dist=1021959),9.0,76090293	825	109	859	104	839	122	852	113
CSMD1,8.0,2964133	606	67	813	132	751	96	885	18
HDAC9,7.0,18868896	846	94	803	138	818	126	903	58
SATL1,X,84349347	249	12	370	16	328	29	358	31
DKFZp434P0216,9.0,133278531	617	75	823	112	849	81	797	17
RYR2,1.0,237880464	906	69	869	98	905	68	952	13
MED30,8.0,118540971	751	154	767	204	765	200	802	167
ITGA6,2.0,173332185							926	37
NELL1,11.0,20696193	900	62	847	112	860	98	864	101
CYP46A1,14.0,100184449	547	152	615	305	699	231	754	162
DVL2,17.0,7130485							810	34
NOL4,18.0,31433068	557	117	735	219	779	181	772	107
CNTN3,3.0,74334447	493	62	731	172	738	94	864	24
ABCA11P,4.0,432342							590	28
SPEF2,5.0,35779234	704	57	859	110	902	51	927	13
PCK1,20.0,56140890	779	28	887	76	926	39		
NCOR1,17.0,16075214	327	23	479	43	508	22		
FLNC,7.0,128484967							892	51
FLNC,7.0,128486661	869	37	880	77	896	45		
NONE(dist=NONE),LOC441666(dist=443613),10.0,42383701					366	4		
GPR149,3.0,154071307	700	81	829	131	858	107	889	56
NTM,11.0,132016512	622	82	824	134	861	105	919	27
RCAN2,6.0,46424678	739	49	853	99	859	86	928	19
JA660597(dist=309077),UBE2MP1(dist=129191),16.0,34274611	619	65	836	116	862	71	878	17
FYB,5.0,39138016	811	120	816	149	817	147	890	81
KIAA1210,X,118223286	791	24	913	50	907	53	885	90
TTC39A,1.0,51760270	315	68	478	181	454	122	503	79
HM358977,5.0,77081200	527	88	768	164	805	128	807	108
ABLIM1,10.0,116373316	388	27	676	103	650	43	660	16
ZNF141(dist=25748),ABCA11P(dist=15716),4.0,403508	589	67	840	110	877	69	826	25
LRRC3B,3.0,26751609	345	85	531	249	519	149	710	106
PITPNC1,17.0,65683308	931	38	887	78	946	26		
RBM15,1.0,110882102	487	10			759	14		
TNFRSF17,16.0,12061564	820	84	841	103	853	92	926	24
ADAM23,2.0,207429886	543	39	810	85	741	57	789	20
GPR110,6.0,46982448	876	85	868	95	881	86	938	11
COL3A1,2.0,189856426	338	37	554	78	527	65	504	10
ADAMTSL3,15.0,84659830	675	75	814	156	867	79		
TEKT4P2,21.0,9912036	651	94	566	156	631	79	733	22
GABRA2,4.0,46305488	467	49	840	115	762	80	736	9
CD97,19.0,14501740	682	125	805	152	830	132	951	10
LOC392232,8.0,73153026	556	54	793	127	818	71	820	25
NRCAM,7.0,107820669	663	169	702	258	746	211	840	132
ZMIZ1,10.0,81056142	560	156	678	221	750	162	766	136
GFI1,1.0,92948380	818	119	817	120	829	103	908	23
PRRC2B,9.0,134351476	575	25	881	65	832	24		
ATP13A5,3.0,193007618	684	81	843	122	845	107	880	51
UBE3A,15.0,25620678							901	33
CA6,1.0,9017351			886	51				
PPP1CB,2.0,29022181					821	26		
LOC100653515,17.0,76888204					912	23	881	53
ACTN2,1.0,236906431	844	77	880	94	884	77	949	18
DENND4B,1.0,153906006	387	116	620	251	572	163	558	59
TCF24(dist=8565),PPP1R42(dist=16977),8.0,67883390	206	42	378	97	304	54	333	66
PDE2A,11.0,72301543							780	131
ATP10B,5.0,160025931	501	88	772	178	627	133	823	95
UHRF1BP1L,12.0,100451985	859	106	821	168	842	140	890	85
FBN2,5.0,127636540	677	77	836	129	862	98	940	15
GJA10,6.0,90605462	374	50	462	90	510	61	596	12
LAMB4,7.0,107669570	826	92	878	102	894	85	949	16
PCDHGA7,5.0,140763056							662	31
DLL3,19.0,39998977	398	103	619	217	572	151	656	98
LOC100130331,1.0,238049051	472	81	647	163	719	124	813	40
ISLR2,15.0,74426722	314	25	473	55	462	45		
DAO,12.0,109273817	450	21	771	74	697	21		
FBXL7,5.0,15928315	820	59	856	84	859	64	924	11
MN1,22.0,28194866					738	17	832	32
SREBF1,17.0,17723690			473	31				
GLTSCR1,19.0,48205166	332	39	572	91	474	42	539	16
NES,1.0,156641978	638	39	886	77	868	41	828	31
SETD1A,16.0,30978217	530	66	827	113	788	94	902	14
TLR7,X,12905228	561	45	881	51	799	81	835	92
RBM10(uc004dhf.3:exon16:c.1785+1G>T,uc004dhi.3:exon16:c.1980+1G>T,uc004dhh.3:exon16:c.1782+1G>T,uc010nhq.3:exon15:c.1554+1G>T,uc004dhg.3:exon15:c.1551+1G>T),X,47041442	591	248	607	312	692	233	818	137
ANO9,11.0,419605	646	29	868	85	915	43		
AV2S1A1,T-CellReceptorV-alpharegion,TCR-alpha,TCRA,TRA@,14.0,22459106	589	214	613	350	700	242	790	177
APOO,X,23896990			917	53				
PTPRD,9.0,8521610	696	104	792	179	817	150	830	127
HIPK2,7.0,139288877	806	86	834	109	853	99	902	12
CDKL5,X,18622769	859	54	894	38	855	81	862	77
BCAS1,20.0,52645162	480	33	813	85	762	41	856	13
PCDHA3,5.0,140183067							588	29
RNF11,1.0,51736840	826	136	814	153	859	106	947	21
KCNH5,14.0,63417228	351	76	539	260	542	141	569	118
ABL1,9.0,133760249	200	117	274	190	341	123	366	74
MRPS9,2.0,105707883	739	73	867	95	866	95	828	99
SBSN,19.0,36014457	440	70	740	111	625	83	649	83
UBE2Z,17.0,46998382	710	151	706	262	742	217	803	159
GPR137B,1.0,236332031	913	54	853	104	902	72	953	15
RGS6,14.0,72941253	640	86	859	94	862	91	934	20
CCL24(dist=22250),RHBDD2(dist=42975),7.0,75465342					509	8	533	34
C19orf79,19.0,7694710	636	28	853	69	853	24		
RGS7,1.0,240986703	627	96	815	130	770	130	764	110
AEBP1,7.0,44146429	422	112	651	222	599	191	691	77
CLCA2,1.0,86920972	802	97	820	150	862	116	907	49
USH1C,11.0,17544800	509	26	840	94	889	27		
ASPA,17.0,3402246	432	71	704	106	600	85	591	74
CACNA1C,12.0,2774807	811	62	898	55	891	58	922	18
L1TD1,1.0,62672563					869	9	879	33
RNF220,1.0,45110776	309	27	486	79	405	43	499	11
NES,1.0,156640300	731	182	687	262	770	182	832	91
POSTN,13.0,38154041					951	11	911	29
CMIP,16.0,81703821	447	95	707	211	629	153	668	69
HELB,12.0,66696418	590	144	686	230	748	193	806	142
ROBO2,3.0,77652128	890	24	943	10	936	27	913	46
TBC1D22A,22.0,47290759					777	16	811	57
CHCHD3,7.0,132755036	474	103	742	236	706	161	737	106
PDE6C,10.0,95372864	412	34	702	99	655	37	605	18
TFE3,X,48891581	451	21	832	33	776	49		
L1CAM,X,153130765	405	63	639	86	622	62	521	8
CYTIP,2.0,158272279	838	126	852	114	884	78	935	26
ZNF408,11.0,46724476	667	38	827	123	849	92	935	25
HEPH,X,65476054	595	13	903	42	853	44		
CACNA1S,1.0,201044601	782	29	875	64	897	18		
CPXCR1,X,88009117	751	25	924	50	887	46	852	100
FAM71B,5.0,156589569							919	49
GPC6,13.0,93879644	755	113	799	131	818	109	874	63
WDR18,19.0,984472	526	154	598	308	696	227	754	150
GLI3,7.0,42005977					374	4	383	14
SLITRK1,13.0,84454114					939	12		
HDAC9,7.0,18300265							518	29
ZCCHC8,12.0,122958295					946	19		
PHF14,7.0,11082456	430	43	638	83	642	51	703	12
TMCC3,12.0,94976227	575	88	765	145	721	115	678	61
PIK3R1,5.0,67590490			911	48				
MIR4493(dist=49528),GRAMD1B(dist=94780),11.0,123301748	816	105	783	149	864	81	913	19
THAP1,8.0,42698147	897	16	904	26	888	20		
XYLB,3.0,38437079	326	93	505	228	515	157	656	128
TFAP4,16.0,4312276	438	35	730	104	640	53		
UCKL1,20.0,62570544	401	18	634	63	629	17		
KEL,7.0,142643399	389	82	717	201	571	107	554	85
LOC340107(dist=1069004),TRNA_Lys(dist=288843),5.0,25909696	449	94	685	202	719	128	705	191
FGD6,12.0,95483487			915	48				
C1orf104,1.0,155288642	753	124	744	188	830	118	929	21
XKR6,8.0,11058308	741	138	761	163	781	167	901	47
ZIC2,13.0,100637400	137	15	193	34	160	24	196	15
ZIC2,13.0,100637401	136	15	188	36	163	25	200	17
VAMP7,X,155119072							946	38
JAKMIP2,5.0,146997641	735	29	893	70	911	26		
RECQL5,17.0,73654436	551	6			781	13		
PSMD5,9.0,123594169	615	14	855	66	938	33		
ROPN1L(dist=40583),ANKRD33B(dist=58714),5.0,10505721					946	11	846	128
SMTNL2,17.0,4510780	884	27	898	40	932	23	930	17
DPH5,1.0,101473894							878	38
LAMTOR3,4.0,100815238	499	149	678	218	670	183	785	111
OR5K3,3.0,98109806	861	118	843	129	877	94	941	24
BRPF3,6.0,36181678							897	33
LMOD2,7.0,123303317	487	109	729	215	774	163	777	34
DHX9,1.0,182811706					957	11	887	66
C7orf57,7.0,48081078					942	12	914	38
PTCHD3,10.0,27687224	569	65	831	131	843	96	893	15
USH2A,1.0,216138710	404	35	665	48	655	38	565	7
CNBD1;CNBD1,8.0,87951824	430	76	764	170	684	119	801	27
LTBP3,11.0,65307341	637	19	834	80	797	26		
UMODL1,21.0,43543251	651	73	802	138	821	103	934	13
IFI16,1.0,159021515	903	56	901	76	902	76	955	20
AGPHD1,15.0,78825664	837	32	867	99	945	29		
DSEL,18.0,65180281	686	45	871	87	893	56		
ARHGAP23,17.0,36617161							406	9
TRIM3,11.0,6478211	580	60	804	117	854	76	884	16
LGR4,11.0,27406807	626	77	861	106	859	104	869	92
ZDHHC3,3.0,44968328	413	81	654	130	614	82	731	63
GSTM5,1.0,110258495	513	164	709	248	749	182	861	100
DDX60L,4.0,169327214	542	20	834	74	760	30		
ZIM3,19.0,57646531	638	86	794	172	862	113	941	32
RBFOX1,16.0,7680784	837	91	854	111	857	87	939	15
RBFOX1,16.0,7680785	840	90	855	110	865	87	940	15
VLDLR,9.0,2622232	91	5	128	29	129	20		
MGAM,7.0,141724818	721	157	736	247	783	191	816	150
LOC646903(dist=9697),TSC22D2(dist=426062),3.0,149700726			889	44				
OR5D18,11.0,55588060							837	48
MAGEB3,X,30254362	254	13	394	22	397	19	378	34
TMPRSS7,3.0,111793185	654	85	827	134	844	94	864	51
GPS2,17.0,7218059	465	91	764	175	798	131	872	82
ZAK,2.0,174131214	520	45	830	106	716	58	764	11
GNPDA2(dist=268362),BC048420(dist=686361),4.0,44996974	871	103	861	109	868	96	954	17
AK098570(dist=676495),CDH6(dist=1344802),5.0,29848960					965	13	937	29
NEU2,2.0,233897480	728	79	819	134	871	83	834	117
LRPPRC,2.0,44186172	598	39	891	81	908	54		
KRTAP13-4,21.0,31802683							872	72
MAP2,2.0,210594949	847	94	856	108	870	87	937	26
FDFT1,8.0,11659836	346	40	520	81	506	61	547	9
RHCE,1.0,25747082	399	131	606	294	624	216	674	119
SNORD114-15,SNORD114-16;SNORD114-14,14.0,101438975							876	59
ZIC1,3.0,147128841	377	30	639	103	509	52	542	6
NTNG2,9.0,135106661	414	22	628	56	606	63	504	36
ITSN1,21.0,35257354	510	49	827	95	777	102	736	49
P2RY10,X,78216187	669	13	894	34	893	42		
DOCK2,5.0,169097690	417	23	686	118	605	45	682	18
FZD4,11.0,86662996			942	33				
OR2T33,1.0,248436168	908	71	884	95	902	70	957	26
MARCH1,4.0,165111091	845	67	868	99	856	74	916	22
KSR2,12.0,117993069	911	21	925	38	928	30		
CADM2,3.0,85008735	664	173	621	299	722	195	771	155
TRIM31,6.0,30076701	637	183	734	222	711	244	917	40
KLHL4,X,86873114	297	56	441	152	425	107	567	72
KLHL4,X,86873113	307	56	433	154	430	109	562	73
HMSD,18.0,61621905	612	127	729	220	755	167	803	123
ACCN1,17.0,31348273					702	16		
LOXL1,15.0,74219708	650	11						
OR2Y1,5.0,180166728	681	72	828	115	874	81	953	13
MYO1H,12.0,109882069	756	12	929	42	950	11		
NPEPL1,20.0,57266585			609	24				
SEC14L5,16.0,5046895	629	26	866	58	810	21		
FOLH1(dist=196553),LOC440040(dist=153305),11.0,49426775	260	28	390	66	347	47	344	11
HELZ,17.0,65174839	678	75	863	108	873	93	908	27
CPXM2,10.0,125650957	256	10	461	5	357	6		
NUDT19,19.0,33183261	512	149	658	249	696	200	787	111
RCOR3,1.0,211433571							488	20
ORAI3,16.0,30965373			840	29				
LAS1L,X,64744924							790	22
UXS1,2.0,106780175	634	61	839	129	862	98	876	93
GPR56,16.0,57687950	530	113	662	236	689	163	720	116
TK1,17.0,76171281	730	56	872	96	888	63	944	15
FAT4,4.0,126411939	818	114	836	122	868	84	877	68
ZNF454(dist=4723),GRM6(dist=7389),5.0,178397941	703	143	753	202	799	155	829	109
SETD1B,12.0,122255401	298	37	519	73	484	48	484	7
ZNF143,11.0,9548972	642	87	845	136	866	105	933	18
OR14I1,1.0,248845390	801	69	865	88	891	73	947	13
SIGLEC15,18.0,43405643	445	96	699	245	669	150	690	108
KRTAP9-9(dist=45954),KRTAP16-1(dist=5382),17.0,39458570					934	16	912	37
SPEF2,5.0,35793299	807	131	833	127	826	126	859	91
SHANK3,22.0,51160490	358	106	436	211	530	132	622	92
SLC4A10,2.0,162833176	563	27	915	59	862	18		
SPATA5,4.0,124177199			951	31				
SIRT7,17.0,79871097					957	11	865	91
RACGAP1,12.0,50410370	731	34	903	74	933	35		
MST4,X,131189536	357	114	568	248	626	209	710	92
SPET9,17.0,75489028							880	70
RELA,11.0,65423218							888	36
abParts,22.0,23063624	279	97	423	211	425	162	565	76
STAB1,3.0,52544287	696	24			904	27	912	42
SHANK1,19.0,51192417	592	192	644	298	710	229	851	107
E2F7,12.0,77439778	595	101	779	173	788	159	881	52
AHR,7.0,17379759							905	24
CTNNA2,2.0,79878717	844	99	843	125	859	98	933	27
HECTD2,10.0,93245023	667	20	873	92	925	33		
PITPNM3,17.0,6367197	495	90	705	143	772	164	811	116
TKTL2,4.0,164393222	593	72	838	112	859	97	878	24
SORL1,11.0,121425982	469	144	623	307	687	233	787	141
MYO7B,2.0,128367430	285	127	468	256	419	179	412	79
KRT1,12.0,53073795	111	11	180	37	150	22	162	13
CDH12,5.0,21755868					944	13	848	112
MED25,19.0,50338986	729	13	868	39	864	20		
UNK,17.0,73806048	686	33	771	71	851	31		
POLN,4.0,2097621							905	48
CNTNAP2,7.0,148106399	809	159	748	225	808	167	868	106
KLB,4.0,39448362	416	109	600	263	634	184	595	114
TMEM175,4.0,949299	733	60	822	98	768	67	836	10
ZP4,1.0,238053214					926	21	885	81
PSG1,19.0,43383773	554	114	697	214	776	154	839	89
AX747676,13.0,76457267	500	62	824	121	831	82	850	14
FANCC,9.0,98002998	410	25	736	71	647	51	714	12
ARHGAP36,X,130222736	277	11	452	25	480	23	519	8
FDXR,17.0,72862548	802	137	749	198	774	166	826	114
EFNB1;EFNB1,X,68058460	506	22	858	34	763	41	801	82
TXN2;TXN2,22.0,36863964	276	95	422	208	441	143	558	93
GNAQ,9.0,80645347	645	21	841	58	864	30		
LOC339524,1.0,87598513	711	82	797	152	840	110	828	111
ZBTB33,X,119388264	651	19	878	32	826	41	887	12
OR4A5(dist=71316),OR4C46(dist=31518),11.0,51483764	807	68	845	118	885	73	942	10
PIK3C2G,12.0,18760076	472	118	667	283	725	216	805	131
NONE(dist=NONE),LOC441666(dist=146373),10.0,42680941	363	11	191	6	258	10	232	11
HHIP(dist=108553),BC044611(dist=4290),4.0,145768434	746	39	883	80	922	33		
WDR13,X,48462613	260	14	480	23	428	41	501	7
CLIP1,12.0,122839759	429	91	666	166	604	111	606	61
MDN1,6.0,90392980			896	44				
GRIP1,12.0,66838380			919	42				
COPS7A,12.0,6834903	875	76	811	152	878	80	931	27
MAPK9,5.0,179663455	627	25	887	78	899	59	918	14
NAAA(uc003hja.3:exon5:c.499-1G>T,uc003hjb.3:exon5:c.499-1G>T,uc003hjc.4:exon5:c.499-1G>T,uc011cbq.2:exon4:c.196-1G>T),4.0,76852458	598	55	858	111	854	79	891	30
DCLK2,4.0,151177065	747	29	900	44	918	32		
LDB1,10.0,103871187	587	143	718	234	731	209	781	143
HIST2H2AC,HIST2H2BE;HIST2H2AB,1.0,149858266	874	63	896	55	897	67	930	20
PTPRD,9.0,8331688	437	77	685	143	623	123	789	104
SLFN12L,17.0,33826067	469	91	733	217	720	158	711	174
ADAMTSL5,19.0,1506358	603	77	845	105	863	82	920	18
TRPC4AP,20.0,33595501							804	40
ASNSD1,2.0,190531125	626	56	852	115	848	69	903	14
AK124272(dist=32769),UGT2B28(dist=30964),4.0,70115253	178	59	269	105	271	82	359	58
KIAA0226L,13.0,46946405	530	140	677	272	728	206	795	139
SELP,1.0,169588541	695	72	876	95	880	73	901	25
CPNE2,16.0,57155092			890	33				
GNAI3,1.0,110116603	459	106	675	252	708	189	770	118
SEMA4G,10.0,102729769	396	20	694	77	602	28		
RAB25,1.0,156031162							923	24
TINAGL1,1.0,32050525	513	86	643	124	685	122	701	114
TINAGL1,1.0,32050526	514	85	656	127	692	125	710	116
IGH(dist=67852),IGH(dist=30267),16.0,33722244	278	31	499	70	444	55	472	13
SPTA1,1.0,158588993	833	127	821	151	817	143	895	52
USH2A,1.0,216371760					961	10	907	68
OR51B4,11.0,5323146					922	12	863	45
MED10,5.0,6377149	426	35	691	91	676	38	718	14
MIR3124,1.0,249120591	527	20	816	65	855	30		
AHNAK2,14.0,105411462	614	46	854	91	863	66	906	23
OR5L2,11.0,55595429	776	70	850	115	845	97	930	15
OPA1,3.0,193360648							686	35
FAM190A(dist=580307),EF565118(dist=79972),4.0,93103677	690	52	812	122	880	61	912	21
LRRC69,8.0,92231160					959	11	832	104
SIPA1L1,14.0,72055521			886	35				
SRCAP;SRCAP,16.0,30718689	447	115	601	229	545	166	599	132
LAMA3,18.0,21487880	942	16	919	54				
abParts,14.0,106405870	261	90	440	257	399	139	390	112
ACBD4,17.0,43215045	739	153	700	245	767	187	832	112
TRHDE,12.0,73050770	383	47	703	99	620	61	687	13
LRFN1,19.0,39805758					858	26		
RNF213,17.0,78291105	601	54	854	95	872	79	895	56
PPP1R12C,19.0,55607440	633	186	641	297	702	235	788	139
LYZL6(dist=21510),CCL16(dist=11322),17.0,34292213	614	30	856	78	868	28		
DHX8,17.0,41566796	839	86	830	136	860	101	947	24
SPTA1,1.0,158639340	730	233	666	305	721	235	836	121
SYTL2,11.0,85468694							936	31
ARR3,X,69496119	668	21	915	42	882	65	880	86
CSMD3,8.0,114110941	815	40	907	59	924	37		
AIG1,6.0,143486381							311	45
RBP3,10.0,48390467	720	92	817	121	834	100	889	18
C10orf105,CDH23,10.0,73494349	195	51	372	96	330	65	341	59
ZNF251,8.0,145947129	894	43	900	66	922	39	912	11
CARD11,7.0,2953057					912	11	919	27
TLE6,19.0,2987910	610	22	844	92	884	25		
SPINK1,5.0,147204198	646	127	775	190	825	135	863	100
KCNK17,6.0,39281881	888	28	848	63	896	28		
TLN2,15.0,62944239	461	5			787	15		
PCDHA11,5.0,140249138	744	61	853	102	898	48		
UNC45B,17.0,33507636	402	33	617	77	639	70		
CSNK2A2,16.0,58231463	200	24	336	49	337	32		
NRXN1,2.0,50282201	398	28	766	86	697	46	720	18
ABCC12,16.0,48134970	255	64	417	148	428	120	381	65
DNAJA3,16.0,4497009							901	51
SHC2,19.0,438927	578	96	723	182	793	118	793	116
DQ571479(dist=245519),IGH(dist=75450),16.0,33572002	746	194	670	236	770	181	756	198
SEC61A1,3.0,127788449	578	55	804	112	817	93	865	12
VSX1,20.0,25052711	376	10			552	8		
HTT,4.0,3174842	670	53	814	124	867	91	908	19
C4orf17,4.0,100451139	491	83	764	202	658	167	700	87
SEMA6A,5.0,115782992	188	52	285	98	272	50	298	39
FAM105A(dist=36329),FAM105B(dist=12167),5.0,14652616	804	147	802	158	825	142	857	94
SEMA6D,15.0,48057195	727	192	685	287	776	196	756	200
C7orf69,PKD1L1,7.0,47852924	523	62	790	134	757	113	780	77
ONECUT2,18.0,55134412	348	68	541	154	561	111	572	50
CCDC164,2.0,26679336	834	93	835	113	856	87	911	22
NTRK3,15.0,88476389	436	121	612	295	641	183	709	177
LPP,3.0,188464293	815	103	846	129	862	107	931	24
ZNF423,16.0,49671739	521	150	739	208	657	181	770	78
DPY19L2P1,7.0,35180702	326	39	539	78	511	64	489	91
PDE2A,11.0,72363647	403	80	632	207	601	156	589	177
FAM46A,6.0,82462253	631	9	932	11	893	28		
MRPS18A,6.0,43646405					950	11	794	162
KCTD1,18.0,24056753	668	142	762	189	816	155	840	90
IQSEC3,12.0,266738	868	61	893	42	873	42	913	18
DKFZp434P0216,9.0,133261908	386	188	564	325	558	232	691	119
DQ599872(dist=16841),CO9(dist=8329),7.0,55832543	547	51	786	104	800	67	883	25
STAG1,3.0,136085892	677	12	946	29	955	29	956	12
PRSS55,8.0,10388822	509	62	756	148	802	100	769	107
abParts,14.0,106320748	562	89	718	187	791	122	896	39
DKFZp434P0216,9.0,133261907	386	186	558	322	558	229	684	117
REG3G,2.0,79254236	150	94	325	177	291	147	297	56
CACNA1G,17.0,48678096	756	33	867	70	887	34		
GREB1L,18.0,19041568	520	106	652	190	673	148	750	104
TMC7;TMC7(uc010vao.1:exon8:c.993-1G>T),16.0,19049199	695	191	734	227	792	174	816	151
GAB3,X,153940687	924	19	924	26	922	45	867	78
TLR8;TLR8,X,12924828	646	49	901	51	838	73	796	93
PDCD6,5.0,271922	839	60	856	85	898	49	919	10
USP54,10.0,75277490	621	136	746	214	786	160	852	114
CD99,X,2637612	391	43	520	110	621	70	725	22
OR2T8,1.0,248085192	740	156	761	188	746	146	886	25
RGS3,9.0,116224458	357	47	662	92	586	43	551	16
BEND3,6.0,107420564	836	126	836	134	889	81	951	20
PHGDH,1.0,120278071	468	163	683	268	720	230	793	127
INCENP,11.0,61906265	543	52	783	110	740	70	739	22
LOC155060,7.0,148982680	904	25	880	65	909	35		
DOCK10,2.0,225649422	433	195	598	338	678	275	753	141
ATRX,X,76777766							866	32
TRIM25,17.0,54969319	663	71	814	103	829	104	899	21
ENO3,17.0,4859218			879	65				
JPH3,16.0,87724018	638	134	719	157	715	136	813	70
MYH13,17.0,10222163	561	42	841	103	840	53		
C1orf173,1.0,75132292	860	111	825	138	839	134	873	109
PDZD4,X,153069555					557	7	357	19
TTC3P1,X,74963198			701	30				
PPP1R32,11.0,61257908					856	9	848	38
OR2M7,1.0,248487634	769	58	875	83	902	47		
MAGEB6,X,26212393	658	84	807	127	836	123	917	23
ANKRD42,11.0,82922460							858	71
TDRD12,19.0,33291730							712	33
LOC100129055,10.0,38484487	446	50	642	89	660	54	671	11
LAMA3,18.0,21394306							931	39
CUL4B,X,119693931	590	22	873	46	854	61		
OR5K3,3.0,98110149	695	91	804	147	820	126	901	51
NAT16,7.0,100815361			912	33				
IGH,16.0,31973492	471	114	533	201	611	159	635	141
NRXN1,2.0,50573958	111	7	202	28	178	11	185	6
SPIRE2,16.0,89930126	534	15	840	35	755	22		
ADCY2,5.0,7690873	680	78	796	160	811	135	867	95
FAM105B,5.0,14687636							940	30
MAGEB4,X,30260301	692	216	647	299	719	227	812	139
C1orf94,1.0,34677836	682	197	692	267	735	225	820	143
ANK2,4.0,114199062	442	99	637	209	622	158	646	96
CACNG6,19.0,54496235	140	4	237	7			205	4
CTNNA2(dist=548066),5S_rRNA(dist=299284),2.0,81424054	452	61	756	82	648	75	676	12
DNAH14,1.0,225339737	620	18	889	71	939	30		
TTLL3,3.0,9868966	468	77	696	160	685	104	772	36
DKFZp667P0924(dist=31246),LOC729234(dist=71806),2.0,96604493	829	35	867	40	833	45	864	28
URGCP,7.0,43927227	483	11	743	33	744	27		
EFNB2,13.0,107165154	320	32	531	97	500	73	532	36
USH2A,1.0,216052274	631	313	615	351	609	353	734	216
KRT31,17.0,39553763	104	33	193	79	214	63	214	38
BCORL1,X,129155058	465	16	764	37	685	45		
ACOT12,5.0,80639682	444	48	675	87	618	57	669	18
NONE(dist=NONE),OR11H12(dist=262919),14.0,19114675	557	22	827	34	727	16	783	21
MCTP1,5.0,94288942							933	36
DGKK,X,50144050	563	63	792	125	809	85	874	25
AK093362(dist=183364),NONE(dist=NONE),5.0,21121164	644	137	774	189	806	165	758	192
EXOC3,5.0,446216	896	65	860	109	908	63	945	20
ARHGEF11;ARHGEF11,1.0,156946845	739	210	710	265	718	237	856	115
MYO3B(uc002ufv.3:exon19:c.2238+1G>T,uc010fqb.1:exon19:c.2277+1G>T,uc002ufy.3:exon19:c.2277+1G>T,uc002ufz.3:exon19:c.2277+1G>T),2.0,171259506	452	232	606	365	694	267	801	114
GTPBP3,19.0,17450047	352	38	598	100	501	79	606	8
DYNC2H1,11.0,103024023	521	48	856	111	805	76		
CYLC1,X,83128300	232	9	392	15	337	26		
GPR39,2.0,133175268	822	76	815	110	840	71	919	13
GPR39,2.0,133175269	818	75	823	112	844	72	926	13
MID1,X,10437927	544	27	919	35	825	68	833	66
ATP5S,L2HGDH,14.0,50778967	367	120	516	258	532	159	497	135
C16orf58,16.0,31505179							784	35
SETD2,3.0,47147552	396	44	672	144	673	71	726	18
ADAM2,8.0,39694802	589	196	731	231	758	195	879	63
GCK,7.0,44185155	482	60	720	94	627	64	776	23
SP140,2.0,231134278	326	159	526	311	529	261	624	92
FAM190A,4.0,91645162	328	18	600	69	574	56		
KIAA0895L,16.0,67210719	614	184	655	263	741	188	783	154
DNHD1,11.0,6587085	304	31	512	68	471	38	510	7
PDIA3,15.0,44053759	499	21	837	117	758	75		
SERPINB11,18.0,61390546	638	117	733	214	762	178	833	119
FAT4,4.0,126411667	724	50	857	105	861	49	908	25
B4GALNT1,12.0,58022775	265	52	437	99	386	66	403	42
ACSF2,CHAD,17.0,48542574	225	26	336	41	281	24	331	14
WDR16,17.0,9541700	358	60	555	130	589	95	670	60
CACNA1H,16.0,1268168	423	116	642	215	591	182	615	129
NVL,1.0,224415396					944	17	871	81
PIGO,9.0,35094343	686	78	813	128	849	111	798	151
CTNNA2(dist=548332),5S_rRNA(dist=299018),2.0,81424320	488	46	793	97	751	91	688	114
CLEC4C,12.0,7882175	595	66	829	135	866	88	928	24
CA2,8.0,86389395	875	86	855	108	885	81	957	14
GVINP1,11.0,6741208	664	66	856	120	897	68		
CD34,1.0,208062338	842	129	817	143	812	158	840	118
HAS2-AS1(dist=258771),BC052578(dist=50510),8.0,122916335					910	12	851	97
CUL1,7.0,148485724	658	127	725	239	835	129	914	39
LINC00535,8.0,94658531					929	17	837	108
C6orf103,6.0,147038714	466	68	789	147	792	136	830	107
UMPS,3.0,124451518	409	15	732	69	627	17		
C19orf35,19.0,2276336	429	133	587	238	550	182	658	114
RPH3A,12.0,113332389			899	55				
KLHL5,4.0,39094765	430	55	790	86	693	58	708	12
EML6,2.0,55195381	488	114	682	232	732	173	775	72
ZSWIM4,19.0,13925420	464	106	697	243	745	181	838	83
APBA1,9.0,72131966	460	51	693	100	570	71	665	9
CDH13,16.0,83658853	434	134	679	255	674	192	745	107
CSMD1,8.0,3141739	478	63	699	127	650	80	718	83
RBM10(uc004dhf.3:exon21:c.2356-1G>T,uc004dhi.3:exon21:c.2551-1G>T,uc004dhh.3:exon21:c.2353-1G>T,uc010nhq.3:exon20:c.2125-1G>T,uc004dhg.3:exon20:c.2122-1G>T),X,47045114	607	30	917	30	867	62		
ZNF268(dist=3894),LOC647589(dist=7307),12.0,133787591	538	55	811	137	774	63	847	16
ABCD4,14.0,74753124	629	86	725	118	740	96	813	17
SPTB,14.0,65251072	618	124	743	218	834	128	919	21
ASAP1,8.0,131199629	796	54	736	54	770	49		
DYNC2H1;DYNC2H1,11.0,102999733	644	168	768	210	795	184	733	233
PRG3,11.0,57147054	465	49	776	126	726	77	772	17
APOBR,16.0,28508502							522	13
CACNG4,17.0,65014256	472	93	747	198	654	148	574	80
C7orf57,7.0,48075826	685	28	863	74	885	33		
GRIPAP1,X,48853742	532	35	823	82	907	29		
NAV2,11.0,19901615	802	123	793	139	825	104	823	114
PNLIPRP1,10.0,118357441	822	76	847	113	897	53	937	19
FAM19A2,12.0,62261047	679	190	739	217	731	211	812	123
CDK5RAP2,9.0,123177453	766	79	857	108	858	104	845	116
OR14A16,1.0,247978662	567	103	819	150	806	135	808	115
ZNF333,19.0,14828361	897	68	843	129	879	95	953	15
PRDM4,12.0,108136918	529	80	815	169	798	120	734	41
ABCC6P1,16.0,18604018	272	34	436	73	422	39	465	9
TCRB,7.0,142099466	381	55	642	88	579	52	618	17
OR4A47,11.0,48511007	774	91	841	123	878	86	942	19
DAZL,3.0,16635194							650	32
KCNK5,6.0,39159307	617	229	698	230	695	250	743	185
SPEG,2.0,220353036	338	36	534	87	488	40	513	11
GPR85,7.0,112724805	319	24	592	85	592	34	584	10
DPEP1,16.0,89696753	741	72	829	119	818	105	897	26
OR5L1,11.0,55579291	680	143	709	218	753	143	840	94
ARHGEF10L(uc009vpe.1:exon20:c.2155+1G>T,uc001ban.3:exon21:c.2272+1G>T,uc001bao.3:exon19:c.2155+1G>T,uc001bap.3:exon18:c.2140+1G>T,uc001baq.3:exon12:c.1555+1G>T,uc010ocs.2:exon12:c.1591+1G>T,uc001bar.3:exon10:c.1381+1G>T),1.0,17966798	526	60	694	114	738	79	796	22
SIDT1,3.0,113300194			927	47				
GPR158,10.0,25887198	545	20	862	66	857	33		
LOC100506779,17.0,56403917	356	8	567	20				
MTMR12,5.0,32248212	719	35	889	71	915	41		
SERPINE2,2.0,224862727	626	60	861	99	873	71	852	101
TNRC6B,22.0,40658112							685	35
TRIM45,1.0,117664507	542	84	801	140	820	74	815	15
CDH10,5.0,24509642					867	10	695	112
OR8U8,11.0,56268206	684	148	716	226	802	153	815	110
OR8U8,11.0,56268207	679	147	714	227	804	161	806	107
IL1RAPL2,X,105011009	630	22	911	37	888	43	856	88
BAZ1B,7.0,72903551	470	51	824	99	747	74	795	9
AK094599,2.0,133075251	908	47	909	55	903	60	897	64
MYO19,17.0,34866641					807	14	857	41
SPTBN4,19.0,41071273	325	35	529	89	394	73	472	53
TCRBV1S1A1N1,7.0,142239607							906	31
FOXO4,X,70320913	871	41	902	37	903	44	862	88
NAT16,7.0,100816693					908	13	899	38
SORCS3,10.0,106865095							900	37
ZNF358,19.0,7585909	599	66	803	95	850	76	889	11
LOXHD1(uc010xcw.1:exon13:c.1519-2A>T,uc002lcg.1:exon6:c.685-2A>T),18.0,44172033							867	38
ARHGAP24,4.0,86898733	725	53	862	104	909	57	961	10
METTL9,16.0,21664022	684	13	872	42	881	25		
ATP2B2,3.0,10413577	367	10			543	25	591	18
PCMT1,6.0,150092261	424	43	708	123	674	79	779	10
VCAM1,1.0,101194777	396	23	696	67	710	21		
BMPR2,2.0,203397280	636	23	897	71	890	23		
DGKG,3.0,185998470	709	69	814	152	849	74	890	20
COL12A1,6.0,75847209	489	88	722	110	710	91	788	67
RAPGEF1,9.0,134526233	489	210	630	333	713	253	811	139
FAM71B,5.0,156593172	708	64	780	114	818	87	888	21
PRUNE2,9.0,79465553							910	52
NKAIN4,20.0,61873062	478	73	751	129	624	112	634	95
PDZD4,X,153073849	908	23	920	25	906	39	926	10
TP53RK,20.0,45315692	853	44	859	80	906	37		
SPAG9,17.0,49156970							854	65
LYG2,2.0,99870486	422	9	744	23	682	8		
CCDC129,7.0,31617511	822	96	829	129	847	117	769	200
GPR112,X,135432396	630	68	832	120	823	119	928	20
C4orf47,4.0,186366114	950	18	902	72	937	31		
PTGS1,9.0,125140325	885	68	846	105	862	92	937	10
NEUROD4(dist=85734),OR9K2(dist=14018),12.0,55509535	842	110	809	151	842	113	939	27
LINC00273,16.0,33961847	805	89	790	136	800	118	872	51
ESPL1,12.0,53681803	487	9	701	61				
ADAMTS3,4.0,73156870	832	117	851	109	867	94	940	19
MACF1,1.0,39924075							867	54
DNAH9,17.0,11597146							910	50
REC8,14.0,24648293	133	17	161	40	171	25	174	9
CTNNA2,2.0,80809000	601	135	727	227	766	188	919	25
LAMB1,7.0,107616172	606	169	712	235	749	190	816	136
LOXHD1,18.0,44089684	699	73	822	122	844	99		
PSKH2,8.0,87076818							883	90
DCHS2,4.0,155305584	868	79	848	112	877	86	949	18
CDC42BPA,1.0,227441643	755	122	835	149	852	126	870	97
SLAMF7,1.0,160721954	638	98	775	187	827	116	833	16
ADAMTS12,5.0,33527246	687	130	759	194	785	178	725	223
USF2,19.0,35770043	586	49	786	145	671	100	896	16
OR4A16,11.0,55110723	541	114	759	208	768	172	806	70
OBSCN,1.0,228486392	710	109	835	115	807	133	844	106
MPP3,17.0,41888106	518	59	815	103	823	77	890	22
SLC26A7,8.0,92364072	787	162	765	195	774	172	799	149
ACSM1(dist=31649),THUMPD1(dist=4271),16.0,20740715	756	75	866	97	885	76	902	15
NEK11,3.0,130851422	570	73	789	126	856	89	942	15
MRPS23,17.0,55918220	532	51	807	125	715	89	678	79
FUT8(dist=136437),Y_RNA(dist=296969),14.0,66347276	494	58	795	143	808	105	848	23
ERCC2,19.0,45872071	304	30	538	90	515	72	528	51
PDPK1,16.0,2607979					818	24	760	77
TJP1(dist=183037),AK310526(dist=78151),15.0,30297743	871	82	825	144	877	90	931	21
BEST2,19.0,12864070	617	30	851	80	895	37		
RFPL3,22.0,32756436			618	33				
ADAM18,8.0,39564325	378	31	632	64	571	56		
DGKI,7.0,137531331	434	70	531	178	626	164	623	92
FBXL7,5.0,15937041	871	55	847	78	889	62	935	13
ODC1,2.0,10585124	476	151	614	349	620	273	781	138
DAPP1,4.0,100738246	741	218	719	250	812	156	862	107
OR5D16,11.0,55606813	873	84	874	97	892	76	953	15
PLXNA3,X,153694381	905	20	887	31	902	31	845	71
ZMIZ1,10.0,81056141	562	154	683	215	751	163	768	138
LMOD2,7.0,123296065	540	38	747	111	797	79	760	10
ARAP1,11.0,72406195	400	120	633	204	550	148	652	93
PLEKHA5,12.0,19501402	506	153	673	300	698	252	799	148
GYG2,X,2761300	565	73	672	179	751	156	785	85
NONE(dist=NONE),EMBP1(dist=2316),1.0,121304108	370	38	674	117	606	151	547	315
CLEC10A,17.0,6981288	735	91	796	154	788	154	862	90
OCIAD1,4.0,48835501	530	30	919	56	823	21		
MAGEB18(dist=19841),MAGEB6(dist=31863),X,26178694	731	186	640	303	720	218	809	124
CNGB3,8.0,87623862	764	57	877	94	904	65	886	9
PXDNL,8.0,52361573	707	263	689	281	725	237	825	134
ODZ1,X,123697768	575	19	897	38	901	55	842	67
C9orf91,9.0,117386599	351	6	529	25	545	10		
SORCS3,10.0,106926954	765	86	844	128	875	96		
C18orf26,18.0,52258460	699	15	870	76	888	32		
SIGLEC1,20.0,3678585	432	60	654	136	603	92	622	92
GRM6,5.0,178408767	876	63	830	100	855	77	921	19
PRL,6.0,22297203	856	28	921	41	908	55		
FARP2,2.0,242423598	786	79	882	89	904	65	953	11
DHX37,12.0,125449013	760	120	794	150	828	108	870	64
SLC44A5,1.0,75708743	458	107	732	228	727	178	845	117
OR2W3,1.0,248059219	646	79	805	124	799	127	823	87
FKBP8,19.0,18649003							795	51
OR56B4,11.0,6129499	712	96	820	133	863	105	923	30
CACNA2D3,3.0,55108110	457	47	662	172	681	74	715	29
LRRK2,12.0,40697756	706	88	846	134	869	95	961	13
RUFY3,4.0,71670024	460	75	678	122	697	73	777	13
RYR2,1.0,237656228	180	70	266	144	225	112	280	81
MEIS3,19.0,47920800	228	63	283	115	271	101	312	40
ABCA2,9.0,139915159	664	242	620	320	668	274	794	150
NOTCH1,9.0,139405730							881	48
KIF26A,14.0,104642544	465	161	637	290	643	227	662	192
ZNF329,19.0,58640584	703	80	799	146	851	92	923	28
LILRA1,LILRA2,19.0,55107694	629	81	820	107	859	87	920	10
LILRA6,LILRB2,19.0,54781296	325	37	469	101	443	70	437	58
PCDHGA4,5.0,140736511							888	49
KCNA6,12.0,4920642	762	14	881	52	924	25		
C2orf57,2.0,232458568	609	62	832	99	869	77	924	25
COL11A1,1.0,103474049							893	44
CTPS2,X,16688780	498	10			775	15		
LOC158376,9.0,35910673	913	27	863	80	913	32		
RPL3,22.0,39713095	281	99	426	200	412	113	569	80
SWI5,9.0,131046839	557	53	853	106	760	100	750	97
TM6SF1,15.0,83776520	531	41	849	72	791	63		
MEAF6,1.0,37975227	710	79	826	135	863	101	912	16
OSBPL5,11.0,3115497	441	60	667	121	660	75	688	18
WT1;WT1,11.0,32413527	511	24	837	64	701	21		
EBNA1BP2,WDR65,1.0,43665042							928	37
GPR17,2.0,128409236	496	61	809	129	700	81	640	81
KCNA1,12.0,5021641	727	38	837	100	859	40		
LOC100132831,X,40691525	895	64	916	42	878	63	865	78
NCKAP1L,12.0,54914881	891	71	880	79	873	87	936	18
PDE1A,2.0,183387071	684	283	592	369	678	282	822	149
RBM6,3.0,49977874	298	97	388	252	483	147	536	103
OR6K3,1.0,158687789	475	49	821	58	816	57	596	13
RBM26,13.0,79915333	609	74	823	126	861	90	851	54
AK302694,10.0,31006042	461	54	811	104	755	65	753	20
PDZK1IP1,1.0,47652971			888	48				
CCNE1(dist=97032),URI1(dist=2304),19.0,30412247	601	151	696	273	734	225	839	130
SH2D1A(uc004euf.4:exon3:c.346+2T>G),X,123504172							870	24
AK126539,16.0,11553734	409	41	643	101	650	61	593	14
ARHGAP22,10.0,49658561	319	83	519	182	507	104	525	69
Mir_584(dist=530683),ZFPM2(dist=122646),8.0,106208501	845	92	839	94	847	96	921	22
ZNF716,7.0,57522776	494	131	730	221	723	218	801	110
FAM53A,4.0,1646116	404	45	807	100	654	61	696	17
FAM9A,X,8766060	592	92	834	137	870	116	946	29
MIR572(dist=3349),HS3ST1(dist=26094),4.0,11373894	678	163	671	261	738	194	913	35
CACNG3,16.0,24372762	685	188	717	225	764	201	796	151
POLA1,X,24948654	659	39	829	83	871	27		
TMEM145,19.0,42818745					711	15	679	39
CDH12(dist=450576),PRDM9(dist=203417),5.0,23304307	889	66	902	74	906	60	948	12
TRIML2,4.0,189020271	591	149	692	258	749	196	800	98
C21orf56,21.0,47588367	508	50	777	109	784	66	730	14
CTTN,11.0,70279192	738	201	718	230	724	235	824	123
NONE(dist=NONE),ANKRD26P1(dist=75514),16.0,46427735							376	7
FAM20A,17.0,66596409					925	10		
AGRN,1.0,982345	276	66	377	159	410	119	465	67
TMEM132A,11.0,60697913	436	136	690	251	697	183	699	92
FMO9P,1.0,166593028	850	51	867	111	893	63	955	13
CDH10,5.0,24593606	583	34	893	86	857	50	859	13
GCNT1,9.0,79117491							888	36
ACCS,11.0,44104771	571	132	741	193	716	196	821	86
TMPRSS11A,4.0,68788657	556	37	811	92	796	34		
EZH2,7.0,148543505	337	36	618	94	557	69	549	43
FAM105A(dist=36331),FAM105B(dist=12165),5.0,14652618	806	145	810	153	817	144	856	90
SLC22A25(dist=13853),SLC22A10(dist=46453),11.0,63010977	571	77	816	141	824	87	775	25
NR5A2,1.0,200089965	653	308	635	326	658	314	751	216
CAMSAP3,19.0,7675588	441	55	669	119	624	86	704	69
MUC16,19.0,9088055	809	111	814	142	847	107	866	77
OR1L6,9.0,125512877	354	30	637	85	526	69	468	65
NONE(dist=NONE),FAM5C(dist=106719),1.0,189960078	881	96	846	130	907	67		
KIRREL,1.0,158059363							889	19
OR10K2,1.0,158390486	839	95	805	167	824	124	918	35
ESX1,X,103499201	686	213	651	292	711	245	806	134
ZNF611(dist=16372),ZNF600(dist=14069),19.0,53254679	42	3	51	20	48	8	43	5
PCDHB8,5.0,140558360	837	95	808	135	836	114	868	67
IL16,15.0,81575142	230	55	397	148	390	82	429	89
CPA3(dist=89953),GYG1(dist=4370),3.0,148704825	734	77	829	124	869	87	908	19
NONE(dist=NONE),MIR4522(dist=210598),17.0,25410338	437	43	824	104	691	56		
TAS2R38,7.0,141672492	771	198	748	229	805	171	834	132
