gene_id	11	11	12	12	13	13	17	17
MYO15B,17.0,73612061	312	6	336	9			342	10
ABCA7,19.0,1042266	496	82	595	83	447	79	577	103
F8,X,154158070	624	62	669	20				
GPR172B,17.0,4936784	514	71	697	46	389	101	707	59
GRIK4,11.0,120702676	664	265	749	194	621	247	710	226
AK094599,2.0,133075785	933	27	928	30	878	56	911	38
C1orf187,1.0,11775364	801	126	804	115	739	185	772	149
CSMD1,8.0,3000086	581	13	609	26	437	61	590	30
COL11A1,1.0,103427769	778	17	707	16	737	30	935	40
PREP,6.0,105825218	770	37	860	9	726	57	883	35
MTOR,1.0,11184710	674	11			558	51	771	21
NT5DC4,2.0,113482822	804	41	867	60	727	18	867	55
ZFP92,X,152686583					331	67		
RPL23AP82,22.0,51216238	743	170	803	119	600	163	765	142
HMGB4,1.0,34330181					649	31	745	10
ULK4,3.0,41952750	860	59	914	63	831	88	890	90
TRPC1,3.0,142503737	571	368	792	110	582	191	735	178
FGFR1OP(uc011egp.1:exon4:c.212-1G>C,uc003qvj.3:exon4:c.212-1G>C,uc003qvk.3:exon4:c.212-1G>C),6.0,167417210	667	78	707	48	612	49	759	92
USP9Y,Y,14952103							344	19
MAP3K3;MAP3K3,17.0,61729917	824	147	836	136	798	165	818	155
EAF1,3.0,15475961	715	48	886	47	664	68	877	70
USP9Y,Y,14952104							343	18
FGF14(dist=28512),TPP2(dist=166650),13.0,103082636	566	6			562	14	711	8
GPI,19.0,34857309					721	52		
CXCR6,3.0,45987976	595	91	693	94	473	111	720	164
TMEM39B,1.0,32557235	558	240	679	161	496	269	627	225
SSTR2,17.0,71165761	737	80	813	58	770	57	900	64
CPSF2,14.0,92627652	420	101	480	111	388	104	558	151
CASC5,15.0,40917916	549	77	725	70	636	14	779	72
WDR43,2.0,29129346	644	161	689	111	567	166	628	141
EPHA7,6.0,93955163	425	15			407	39	556	23
NACC2,9.0,138905703	530	35	673	67	527	41	700	80
TMEM47,X,34657414					373	24	475	10
SSBP3,1.0,54706540	825	71	860	39	822	65	866	42
PNCK,X,152939641	507	32						
LRRK2,12.0,40716000					234	19		
BC040861(dist=674637),PABPC1P2(dist=759916),2.0,146584709	913	16						
CA10,17.0,50235119	780	79	847	71	716	69	864	83
LINC00535,8.0,94658856	796	133	813	108	817	133	821	130
UHRF1BP1L,12.0,100452633	857	123	923	64	889	76	881	98
LOC646626,1.0,85824569	602	160	721	84	607	170	705	148
CHURC1-FNTB,FNTB,MAX,14.0,65473041					751	51		
PANK2,20.0,3897426	262	60	332	61	243	62	293	79
PRR23A,3.0,138724834	592	366	817	123	593	222	759	199
NUP160,11.0,47859083	761	208	789	178	711	259	773	192
EGFR,7.0,55259515	331	149	386	419	308	169	444	194
HAUS3,4.0,2240430	496	122	624	92	446	141	584	133
SCLT1,4.0,130014325	510	100	637	72	446	110	579	108
PCMT1,6.0,150070914	219	69	277	47	190	64	276	70
TP53,17.0,7577114	494	88	641	68	428	52	612	68
ASAP2,2.0,9474846					528	29	693	10
RNASE11,14.0,21052107					921	53	962	12
INSR(dist=149227),ARHGEF18(dist=4482),19.0,7443238	428	87	557	72	330	61	442	87
FABP3,1.0,31840408	381	34	375	6	340	25	440	18
AAGAB,15.0,67519324	579	45	726	27	514	50	713	63
INTS4,11.0,77671346	839	112	875	86	839	115	845	119
EXOC6B,2.0,72707773	522	103	646	129	501	116	699	129
CATSPER3,5.0,134303670					776	70	935	44
PNMA2,8.0,26366240	934	24	921	46	945	10	930	32
FAM200B,4.0,15688639	663	40	706	43	550	48	746	34
AGBL4,1.0,50311176	281	91	336	62	304	80	369	83
NR2F2,15.0,96877768	522	23	579	21			628	12
PAF1,19.0,39877331	604	69	699	65	511	107	701	90
UHRF1BP1L,12.0,100452492	808	107	909	63	704	60	868	111
TMF1,3.0,69088061	809	62	863	57	710	70	871	90
FSIP2,2.0,186667479	743	64	856	45	656	54	895	66
PRRC2B,9.0,134361577	387	85	493	91	345	72	432	94
FER1L6,8.0,124993004	891	41	902	44	872	62	917	28
ZP4,1.0,238053395					786	45		
SETBP1,18.0,42530214	376	13	409	8	358	4	414	17
LRRK2,12.0,40692276	685	158	833	121	586	160	813	156
RNF40,16.0,30783326	361	29	427	37	314	59	426	50
GALK1,17.0,73760841	781	154	770	153	641	184	747	182
ADAM32,8.0,39131924					226	19		
DLGAP2,8.0,1497559	876	52	890	40	836	98	868	59
TTC39C(uc002kuu.3:exon3:c.162+1G>T,uc002kuw.3:exon3:c.345+1G>T),18.0,21646105	728	86	759	85	560	116	843	117
APBB2,4.0,40829297	786	175	852	102	729	223	824	150
TBKBP1,17.0,45773994	505	52	570	40	510	37	599	46
COL27A1,9.0,117050871			643	10			604	17
UHRF1BP1L,12.0,100452819	859	120	911	67	881	98	892	91
UHRF1BP1L,12.0,100452812	867	111	899	74	874	103	891	90
AL832378,4.0,100571344	280	28	381	17	274	11	339	23
ERBB3,12.0,56495390	382	100	533	76	354	125	481	111
LOC100128788,16.0,2790452	622	188	792	124	579	161	740	204
UHRF1BP1L,12.0,100452702	838	130	905	66	880	97	884	97
MUC5B,11.0,1273694	771	151	816	112	733	44	817	116
FLJ26850,19.0,50562204	540	102	659	69	427	84	646	88
FAM64A,17.0,6353770	623	84	752	117	480	132	667	77
CSF2RB,22.0,37319878					451	49		
AFF2,X,148069131	516	160	584	134	416	157	568	185
GK2,4.0,80329149	756	215	855	106	744	208	774	200
DLL1,6.0,170598476	139	34	180	25	134	22	184	40
INSRR,NTRK1,1.0,156812733	789	169	817	160	769	209	756	212
MEF2A,15.0,100211109			611	27			696	40
RYR2,1.0,237949241					881	75		
KIF26B,1.0,245851160					856	52	923	10
DOCK10,2.0,225717091	802	16	848	24			915	43
CACYBP,1.0,174979256	913	16					954	18
MAP3K3,17.0,61729930	815	138	840	133	800	168	808	159
MAPK10,4.0,87080604	623	120	720	136	561	126	763	196
HUWE1,X,53631604			538	33			577	23
TTC39C,18.0,21646089	722	80	767	81	583	104	834	112
SMURF1,7.0,98647123	684	198	777	164	638	193	711	237
PCID2,13.0,113838663	587	146	690	150	554	169	741	215
XPNPEP1,10.0,111643850	588	84	699	75	518	51	704	92
LOC100505666,1.0,155026553	760	112	810	100	802	23	876	91
ZC3H3,8.0,144623626	716	112	737	69	647	116	711	109
HSD11B2,16.0,67470636					882	59	939	12
CHD6,20.0,40076635	719	96	880	61	732	54	875	82
FYCO1,3.0,45965171					629	49	797	36
FBXL7,5.0,15937016	364	600	412	545	357	602	386	574
C2orf65,2.0,74847956	863	86	844	95	826	118	869	113
RNU5F-1,1.0,220253059	915	28			876	84	951	28
FLT1,13.0,28880960	419	45	475	42	336	78	452	79
SAGE1,X,134995101	402	37						
PIK3CA,3.0,178916725	492	25			463	25	611	22
PACS1,11.0,66010694	480	18	563	24	460	6	630	15
TP53,17.0,7578534	324	33	379	43	263	67	360	60
PCDHB14,5.0,140603121	883	36	895	67	887	26	928	45
CD163L1,12.0,7559088	645	111	772	102	589	120	790	131
SYNE2,14.0,64473947					478	40		
NARS2,11.0,78270746	711	126	893	79	725	102	850	128
USH2A,1.0,216497014	737	67	829	68	667	106	841	109
MIR323A,14.0,101492089	706	80	807	50	658	57	816	69
