gene_id	11	11	12	12	13	13	17	17
MYO15B,17.0,73612061	213	8	118	8			151	3
ABCA7,19.0,1042266	150	29	161	27	144	26	131	10
F8,X,154158070	495	46	325	12				
GPR172B,17.0,4936784	332	54	252	18	240	59	238	23
GRIK4,11.0,120702676	87	26	65	16	68	25	59	24
AK094599,2.0,133075785	426	18	323	12	377	20	363	13
C1orf187,1.0,11775364	173	24	84	21	98	25	113	28
CSMD1,8.0,3000086	160	6	108	10	117	9	106	4
COL11A1,1.0,103427769	274	5	188	1	186	13	172	7
PREP,6.0,105825218	278	22	207	0	222	8	173	4
MTOR,1.0,11184710	156	10			140	15	127	2
NT5DC4,2.0,113482822	346	21	259	22	300	7	266	16
ZFP92,X,152686583					226	36		
RPL23AP82,22.0,51216238	171	38	144	20	107	41	140	29
HMGB4,1.0,34330181					540	32	524	11
ULK4,3.0,41952750	179	13	126	8	155	16	141	20
TRPC1,3.0,142503737	271	168	229	40	221	79	247	65
FGFR1OP(uc011egp.1:exon4:c.212-1G>C,uc003qvj.3:exon4:c.212-1G>C,uc003qvk.3:exon4:c.212-1G>C),6.0,167417210	156	11	96	7	91	8	109	6
USP9Y,Y,14952103							179	16
MAP3K3;MAP3K3,17.0,61729917	344	57	292	46	201	50	221	53
EAF1,3.0,15475961	704	56	578	33	537	56	541	50
USP9Y,Y,14952104							182	16
FGF14(dist=28512),TPP2(dist=166650),13.0,103082636	176	6			147	13	204	3
GPI,19.0,34857309					278	15		
CXCR6,3.0,45987976	133	28	110	16	141	32	109	39
TMEM39B,1.0,32557235	89	41	99	24	98	38	100	37
SSTR2,17.0,71165761	517	54	442	35	423	26	468	50
CPSF2,14.0,92627652	174	61	150	44	159	33	172	30
CASC5,15.0,40917916	135	19	112	9	98	0	106	6
WDR43,2.0,29129346	647	153	468	61	396	87	432	88
EPHA7,6.0,93955163	198	13			155	9	148	7
NACC2,9.0,138905703	186	8	134	14	147	14	157	26
TMEM47,X,34657414					143	11	190	1
SSBP3,1.0,54706540	157	12	118	3	114	12	107	6
PNCK,X,152939641	264	17						
LRRK2,12.0,40716000					273	22		
BC040861(dist=674637),PABPC1P2(dist=759916),2.0,146584709	102	7						
CA10,17.0,50235119	436	33	332	23	407	38	334	35
LINC00535,8.0,94658856	95	18	79	5	74	13	65	7
UHRF1BP1L,12.0,100452633	489	46	359	31	362	28	342	33
LOC646626,1.0,85824569	226	52	157	14	147	37	124	34
CHURC1-FNTB,FNTB,MAX,14.0,65473041					209	20		
PANK2,20.0,3897426	99	19	94	24	61	25	70	16
PRR23A,3.0,138724834	152	98	144	20	96	49	149	34
NUP160,11.0,47859083	579	150	481	98	353	155	480	115
EGFR,7.0,55259515	202	61	161	151	146	95	181	87
HAUS3,4.0,2240430	97	32	89	15	71	19	57	16
SCLT1,4.0,130014325	316	75	277	46	284	50	277	44
PCMT1,6.0,150070914	71	31	68	7	50	24	80	31
TP53,17.0,7577114	180	44	163	13	129	24	181	14
ASAP2,2.0,9474846					198	20	269	2
RNASE11,14.0,21052107					314	17	345	3
INSR(dist=149227),ARHGEF18(dist=4482),19.0,7443238	109	33	95	6	76	19	100	16
FABP3,1.0,31840408	97	6	103	0	108	9	99	5
AAGAB,15.0,67519324	110	7	69	5	80	10	103	11
INTS4,11.0,77671346	231	35	189	24	185	17	155	33
EXOC6B,2.0,72707773	234	45	145	27	177	41	172	47
CATSPER3,5.0,134303670					424	47	399	18
PNMA2,8.0,26366240	369	9	271	19	290	3	266	11
FAM200B,4.0,15688639	197	13	143	6	85	12	108	11
AGBL4,1.0,50311176	253	93	225	40	237	77	202	46
NR2F2,15.0,96877768	400	17	299	18			361	6
PAF1,19.0,39877331	359	41	306	31	247	48	272	40
UHRF1BP1L,12.0,100452492	454	73	359	37	351	39	364	30
TMF1,3.0,69088061	261	12	220	7	164	13	212	25
FSIP2,2.0,186667479	337	50	258	8	272	26	290	34
PRRC2B,9.0,134361577	226	58	207	37	193	36	209	32
FER1L6,8.0,124993004	759	29	535	7	592	43	556	31
ZP4,1.0,238053395					217	12		
SETBP1,18.0,42530214	231	3	157	9	184	1	151	12
LRRK2,12.0,40692276	731	173	537	85	450	114	506	111
RNF40,16.0,30783326	198	30	179	15	150	19	140	19
GALK1,17.0,73760841	170	37	100	19	130	37	120	32
ADAM32,8.0,39131924					104	9		
DLGAP2,8.0,1497559	578	30	450	9	451	55	457	24
TTC39C(uc002kuu.3:exon3:c.162+1G>T,uc002kuw.3:exon3:c.345+1G>T),18.0,21646105	112	11	101	9	78	18	93	12
APBB2,4.0,40829297	80	21	89	17	87	24	62	10
TBKBP1,17.0,45773994	225	37	221	6	164	17	182	9
COL27A1,9.0,117050871			159	9			141	3
UHRF1BP1L,12.0,100452819	729	96	507	60	564	48	540	48
UHRF1BP1L,12.0,100452812	718	95	502	60	543	56	527	49
AL832378,4.0,100571344	301	31	222	20	240	10	242	13
ERBB3,12.0,56495390	114	43	91	18	77	30	79	19
LOC100128788,16.0,2790452	437	115	386	79	346	106	349	107
UHRF1BP1L,12.0,100452702	692	75	435	23	507	49	471	39
MUC5B,11.0,1273694	172	33	150	8	146	5	151	16
FLJ26850,19.0,50562204	111	34	92	14	65	19	81	14
FAM64A,17.0,6353770	89	25	73	4	71	20	80	19
CSF2RB,22.0,37319878					192	23		
AFF2,X,148069131	102	23	99	23	73	29	77	34
GK2,4.0,80329149	489	125	380	69	377	140	418	97
DLL1,6.0,170598476	131	26	80	23	92	31	77	28
INSRR,NTRK1,1.0,156812733	405	113	339	64	312	122	349	80
MEF2A,15.0,100211109			123	7			115	3
RYR2,1.0,237949241					351	19		
KIF26B,1.0,245851160					375	31	481	11
DOCK10,2.0,225717091	507	15	359	11			366	21
CACYBP,1.0,174979256	498	7					476	26
MAP3K3,17.0,61729930	395	80	294	49	245	75	256	59
MAPK10,4.0,87080604	280	65	171	18	195	41	189	47
HUWE1,X,53631604			123	8			126	2
TTC39C,18.0,21646089	135	13	112	8	82	21	114	16
SMURF1,7.0,98647123	166	33	131	26	91	24	103	38
PCID2,13.0,113838663	142	37	142	33	123	18	90	38
XPNPEP1,10.0,111643850	219	24	185	15	147	15	195	18
LOC100505666,1.0,155026553	226	37	179	21	152	4	185	33
ZC3H3,8.0,144623626	372	58	303	27	304	68	330	62
HSD11B2,16.0,67470636					608	44	734	5
CHD6,20.0,40076635	356	41	329	23	302	27	300	19
FYCO1,3.0,45965171					150	8	158	8
FBXL7,5.0,15937016	365	552	351	383	306	599	335	509
C2orf65,2.0,74847956	117	15	76	7	101	17	79	13
RNU5F-1,1.0,220253059	384	9			288	24	267	11
FLT1,13.0,28880960	187	21	177	14	183	30	148	26
SAGE1,X,134995101	561	31						
PIK3CA,3.0,178916725	443	20			252	13	343	21
PACS1,11.0,66010694	159	8	106	2	107	0	130	10
TP53,17.0,7578534	119	13	101	18	86	16	90	19
PCDHB14,5.0,140603121	483	16	336	24	344	6	352	21
CD163L1,12.0,7559088	257	75	202	18	183	49	204	30
SYNE2,14.0,64473947					235	18		
NARS2,11.0,78270746	105	18	78	3	77	11	69	14
USH2A,1.0,216497014	435	43	342	28	348	45	377	52
MIR323A,14.0,101492089	105	11	80	9	74	5	86	9
