gene_id	11	11	13	13	14	14	15	15
PGP,16.0,2263841	344	21	375	34	299	21	388	21
CA1,8.0,86241971	123	1	140	7	145	13	156	8
LRRD1,7.0,91793998			358	62	376	43		
LRRD1,7.0,91794289			404	77	340	34		
SKAP2(dist=29281),HOXA1(dist=68475),7.0,27064139	145	16	116	11	171	20	163	6
CEP41,7.0,130080818	461	45	358	98	438	74	470	49
FSD1,19.0,4318452	185	11	123	26	159	15	181	18
NAPRT1,8.0,144660133	149	3	122	10	159	2		
CNDP2,18.0,72185809	181	2	114	11	158	4	160	4
CELF1,11.0,47494834	81	9	61	6	101	9	111	4
LRRD1,7.0,91794271			395	76	336	32		
EFNB1,X,68059963	288	13					316	17
KBTBD13,15.0,65370165	217	9	199	21	214	19	248	9
NONE(dist=NONE),EMB(dist=286143),5.0,49405888							160	2
UVRAG,11.0,75590875			322	14	430	25		
AGL,1.0,100366426	181	15	126	11	203	8	229	14
LRRD1,7.0,91794192			450	72	408	40		
ZNF469,16.0,88502836	151	6	121	21	155	11	170	4
H2AFY,5.0,134691062	106	1	108	13	116	5		
CEACAM5,19.0,42222092			303	36	356	5		
OR8H1(dist=6122),OR8K3(dist=21123),11.0,56064660	158	6	144	12	153	7	166	8
IL28A,19.0,39759982	312	21	282	55	307	54	387	25
AK128833,TTLL10,1.0,1114719	101	15	140	6	144	11	138	7
MTA2,11.0,62363207	149	5	136	14	153	9	152	9
ATP12A,13.0,25272866			234	19	258	14		
TBL3,16.0,2027294	357	34	356	126	349	65	397	38
CA1,8.0,86240872	205	13	168	9	184	11	190	7
JAKMIP2,5.0,147040584	235	17	208	25	256	14	255	10
LOC100127983,8.0,91973018	114	18	104	23	129	18	112	13
CLMN,14.0,95679587	258	12	210	18	255	10	297	7
LRRD1,7.0,91793671			413	69	348	38		
CA1,8.0,86241990	110	2	137	6	141	8	149	8
CGN,1.0,151509790	179	11	197	13	221	12	211	5
COL5A3,19.0,10071188			289	18				
TCHHL1,1.0,152057724	401	14	356	22	349	23	370	15
POLDIP2,17.0,26676051			181	11				
CA1,8.0,86240866	198	14	168	8	178	14	188	6
FSD1L,9.0,108292833	222	19	156	47	219	26	284	13
LRRD1,7.0,91792879			304	53	302	26		
BC042811,7.0,63369439			129	13				
SFR1,10.0,105885432	219	10	201	21	229	12	269	14
CA1,8.0,86240903	186	3	157	12	179	12	169	1
LRFN5,14.0,42356262			190	13				
ZNF555,19.0,2853772	180	10	150	35	226	18	233	16
C5orf56,5.0,131822181	562	31	516	67	591	25	555	24
GRM2,3.0,51746542			156	15				
JAK1,1.0,65309911	149	16	157	27	147	17	174	15
RGS22,8.0,101016180	185	4	154	10	156	10	149	8
TRPM3,9.0,73151372	211	8	181	18	180	25	200	11
ODZ2,5.0,167420050			211	27	256	15	328	3
LRRD1,7.0,91792966			352	68	383	27		
CA1,8.0,86241907	125	5	168	16	157	18	144	5
ZNF324,19.0,58983331			207	18	231	11		
CA1,8.0,86241877	102	3	115	14	124	12	132	10
LRRD1,7.0,91793556			377	60	323	19		
DIP2A,21.0,47957403			374	22				
LOC100526771,11.0,117900532			266	22				
RNLS,10.0,90332748	405	22	375	10			431	38
RGS7,1.0,241100024	147	26	98	31	130	39	157	23
LOC100129520,X,124455825	775	35	769	92	884	41	831	45
DST,6.0,56470380	451	21	442	47	406	34	628	21
RNF123,3.0,49736529	131	4	131	12	138	5	161	9
EMBP1(dist=166456),NONE(dist=NONE),1.0,121480142	192	7					213	4
TTLL13,15.0,90799399	202	7	185	20	214	0	209	8
SNX13,7.0,17879614	347	78	261	59	278	42	318	72
LRRD1,7.0,91794123			366	51	399	28		
ARHGAP31,3.0,119087240	114	6	86	17	127	16	157	6
CA1,8.0,86242046	76	6	84	11	88	6	112	11
NEK9,14.0,75581108	137	25	128	54	160	26	206	21
LRRD1,7.0,91794093			418	60	366	25		
MARK1,1.0,220826579			329	30	408	12		
GRB10,7.0,50778697	100	9	109	27	100	17	118	6
MAGEL2,15.0,23891038	227	14	184	21	182	24	222	8
ABLIM3,5.0,148626017	120	7	97	10	128	11	138	8
CYP4F2,19.0,15989464	120	7	93	27	116	13	144	15
PIDD,11.0,800145	594	29	578	11			675	40
FHL3,1.0,38464831			407	33				
AMMECR1,X,109468336			218	15	261	3		
ZNF521,18.0,22805217	321	29	210	51	278	50	344	29
LRRD1,7.0,91793352			568	103	448	35		
KLHDC4,16.0,87748133	109	13	138	3			132	2
OR2M5,1.0,248309296	375	42	295	94	367	69	380	30
RPTOR,17.0,78897516	145	7	116	17	158	23	147	30
LRRD1,7.0,91793532			379	57	302	22		
ATP2C2,16.0,84494045	134	9	136	4			171	5
UCKL1,20.0,62577950	112	3	114	17	126	11	115	10
ZP4,1.0,238045736			335	19				
NHSL1,6.0,138866912	115	7	84	18	93	13	120	11
CYP2A7,19.0,41416679	52	1	59	10	61	6	94	9
AJAP1,1.0,4772383			137	13	214	2		
AJAP1,1.0,4772384			133	13	213	2		
ADAMTS9,3.0,64536508	124	2	119	6	156	13	122	7
PKHD1,6.0,51735274	169	18	152	20	168	18	206	10
CA1,8.0,86241957	121	3	145	9	146	14	165	5
GABRA1,5.0,161322910					103	6		
FRY,13.0,32753154	263	17	192	26	276	21	271	12
GLRX3,10.0,131964964	170	1	116	15	128	8	145	6
DDHD1,14.0,53529706	669	23	588	53	637	51	762	26
SNRPB,20.0,2442406	138	7	177	13	172	19	185	6
CAMK4,5.0,110819910					176	10		
TMPRSS13,11.0,117789342					133	0	171	1
LOC1720(dist=361246),FUNDC2P2(dist=1071667),2.0,83446139	412	16	378	35	428	22	407	17
PRLR,5.0,35084602	366	36	282	60	348	43	419	38
THSD1,13.0,52951904			265	21				
LRRD1,7.0,91794384			346	78	334	36		
TBX22,X,79279581	275	28	254	97	240	45	314	34
OCA2,15.0,28200211	236	6					330	18
LRRD1,7.0,91793582			375	63	333	19		
ELSPBP1,19.0,48525311			104	6	92	7		
PRRG3,X,150868588	199	13	168	31	198	12	225	15
LCE3A,1.0,152595628	127	6	121	10	155	11	122	5
MIR2682,1.0,98510875	297	15	271	10			336	26
