gene_id	11	11	13	13	14	14	15	15
PGP,16.0,2263841	757	32	819	72	582	33	787	39
CA1,8.0,86241971	907	59	820	136	870	78	886	71
LRRD1,7.0,91793998			827	163	902	81		
LRRD1,7.0,91794289			818	165	880	95		
SKAP2(dist=29281),HOXA1(dist=68475),7.0,27064139	916	59	817	146	685	72	895	53
CEP41,7.0,130080818	857	90	750	203	820	121	869	75
FSD1,19.0,4318452	824	74	666	123	554	48	813	52
NAPRT1,8.0,144660133	922	17	864	67	705	23		
CNDP2,18.0,72185809	894	52	884	65	715	49	918	40
CELF1,11.0,47494834	893	47	844	86	675	41	906	37
LRRD1,7.0,91794271			805	176	890	88		
EFNB1,X,68059963	768	22					829	25
KBTBD13,15.0,65370165	887	38	858	78	871	77	881	42
NONE(dist=NONE),EMB(dist=286143),5.0,49405888							29	3
UVRAG,11.0,75590875			890	69	804	32		
AGL,1.0,100366426	657	27	540	67	450	34	630	28
LRRD1,7.0,91794192			841	145	888	88		
ZNF469,16.0,88502836	877	48	840	99	866	45	890	45
H2AFY,5.0,134691062	961	11	860	99	857	50		
CEACAM5,19.0,42222092			884	68	927	15		
OR8H1(dist=6122),OR8K3(dist=21123),11.0,56064660	926	39	883	91	777	69	920	42
IL28A,19.0,39759982	876	79	779	165	842	93	885	64
AK128833,TTLL10,1.0,1114719	313	32	280	24	235	13	278	12
MTA2,11.0,62363207	926	27	867	85	907	46	924	38
ATP12A,13.0,25272866			816	103	741	25		
TBL3,16.0,2027294	881	76	659	289	792	142	892	60
CA1,8.0,86240872	911	57	876	95	864	90	910	58
JAKMIP2,5.0,147040584	914	40	866	84	877	55	922	33
LOC100127983,8.0,91973018	739	86	686	186	522	73	833	85
CLMN,14.0,95679587	872	41	814	76	680	51	913	45
LRRD1,7.0,91793671			830	154	893	86		
CA1,8.0,86241990	910	63	825	135	885	72	906	63
CGN,1.0,151509790	939	30	904	66	875	53	931	28
COL5A3,19.0,10071188			503	34				
TCHHL1,1.0,152057724	930	37	900	74	924	48	933	36
POLDIP2,17.0,26676051			922	44				
CA1,8.0,86240866	903	61	857	101	862	88	897	66
FSD1L,9.0,108292833	888	64	799	183	703	69	897	69
LRRD1,7.0,91792879			815	167	886	86		
BC042811,7.0,63369439			899	47				
SFR1,10.0,105885432	783	25	657	75	529	29	828	36
CA1,8.0,86240903	927	49	862	112	877	95	934	45
LRFN5,14.0,42356262			899	55				
ZNF555,19.0,2853772	866	104	768	195	641	74	892	83
C5orf56,5.0,131822181	878	41	851	78	728	48	880	44
GRM2,3.0,51746542			895	56				
JAK1,1.0,65309911	914	52	775	194	848	118	905	66
RGS22,8.0,101016180	896	34	863	72	711	31	908	22
TRPM3,9.0,73151372	703	52	633	65	445	38	689	27
ODZ2,5.0,167420050			792	85	835	54	864	13
LRRD1,7.0,91792966			843	146	906	78		
CA1,8.0,86241907	906	73	848	125	866	106	923	62
ZNF324,19.0,58983331			870	75	885	55		
CA1,8.0,86241877	917	71	835	148	873	104	910	76
LRRD1,7.0,91793556			837	145	916	70		
DIP2A,21.0,47957403			910	44				
LOC100526771,11.0,117900532			904	55				
RNLS,10.0,90332748	709	39	645	10			728	37
RGS7,1.0,241100024	866	113	725	250	768	178	859	107
LOC100129520,X,124455825	922	30	868	94	880	78	916	43
DST,6.0,56470380	942	34	903	75	890	72	938	34
RNF123,3.0,49736529	759	31	682	51	525	34	760	36
EMBP1(dist=166456),NONE(dist=NONE),1.0,121480142	933	12					939	14
TTLL13,15.0,90799399	895	45	834	108	776	23	903	30
SNX13,7.0,17879614	757	178	732	179	591	135	713	187
LRRD1,7.0,91794123			805	173	892	92		
ARHGAP31,3.0,119087240	906	51	811	108	773	45	929	40
CA1,8.0,86242046	905	75	832	134	854	118	912	67
NEK9,14.0,75581108	854	110	674	205	738	138	876	98
LRRD1,7.0,91794093			840	142	892	87		
MARK1,1.0,220826579			832	86	912	29		
GRB10,7.0,50778697	870	98	761	207	839	131	860	97
MAGEL2,15.0,23891038	653	27	534	65	415	36	659	37
ABLIM3,5.0,148626017	869	28	792	89	728	34	862	37
CYP4F2,19.0,15989464	768	70	660	163	752	63	789	57
PIDD,11.0,800145	893	39	891	14			907	45
FHL3,1.0,38464831			884	56				
AMMECR1,X,109468336			808	38	532	8		
ZNF521,18.0,22805217	824	68	753	165	605	77	857	72
LRRD1,7.0,91793352			861	132	911	73		
KLHDC4,16.0,87748133	912	38	926	14			929	28
OR2M5,1.0,248309296	832	124	709	249	806	151	864	98
RPTOR,17.0,78897516	726	82	689	99	585	61	762	63
LRRD1,7.0,91793532			851	122	925	59		
ATP2C2,16.0,84494045	795	32	703	12			796	31
UCKL1,20.0,62577950	878	49	823	112	811	56	865	49
ZP4,1.0,238045736			925	43				
NHSL1,6.0,138866912	887	62	781	170	853	99	859	88
CYP2A7,19.0,41416679	396	21	400	70	281	19	445	27
AJAP1,1.0,4772383			549	43	411	7		
AJAP1,1.0,4772384			550	44	419	7		
ADAMTS9,3.0,64536508	918	39	852	104	914	43	911	36
PKHD1,6.0,51735274	888	85	836	133	810	80	902	70
CA1,8.0,86241957	915	56	835	124	852	80	894	65
GABRA1,5.0,161322910					786	22		
FRY,13.0,32753154	900	38	824	85	791	50	923	39
GLRX3,10.0,131964964	691	25	575	54	441	30	759	19
DDHD1,14.0,53529706	936	41	875	91	909	59	930	36
SNRPB,20.0,2442406	360	21	359	30	287	16	425	14
CAMK4,5.0,110819910					412	18		
TMPRSS13,11.0,117789342					383	56	566	101
LOC1720(dist=361246),FUNDC2P2(dist=1071667),2.0,83446139	701	39	690	83	462	27	779	26
PRLR,5.0,35084602	880	88	792	171	845	118	893	85
THSD1,13.0,52951904			869	51				
LRRD1,7.0,91794384			836	151	892	92		
TBX22,X,79279581	883	77	723	225	788	152	891	75
OCA2,15.0,28200211	911	34					903	21
LRRD1,7.0,91793582			808	175	930	61		
ELSPBP1,19.0,48525311			852	71	636	31		
PRRG3,X,150868588	916	39	803	151	873	81	917	39
LCE3A,1.0,152595628	819	25	815	64	531	26	834	33
MIR2682,1.0,98510875	899	55	932	14			904	43
