gene_id	11	11	12	12	15	15	16	16	17	17
CTU1,19.0,51602241	779	54	605	56	689	98	688	74	808	59
HIPK1,1.0,114484051	854	125	801	160	780	191	768	188	849	120
IDE,10.0,94291416	319	27	263	5			280	14	289	9
RIMS1,6.0,72962469	589	96	446	111	420	105	487	83	628	69
EIF4A3,17.0,78111309	698	279	661	311	605	360	620	354	786	175
FAT2,5.0,150911280	930	10					910	43		
PLB1,2.0,28826940	736	207	621	283	595	346	679	216	758	152
PPP2R3B,X,308084	781	185	722	234	733	233	740	234	839	131
TULP1,6.0,35477285	656	298	670	276	621	336	593	366	758	208
STK25,2.0,242443353	904	66	925	25	954	13	925	28	932	30
C1orf216,1.0,36181679	841	122	823	129	781	152	809	148	858	92
FAM82B,8.0,87491161	836	146	785	194	822	156	780	194	837	142
ERAL1,17.0,27185937	863	88	799	93	839	106	884	78	890	35
PRKCA,17.0,64299090	863	95	855	98	830	128	853	97	863	85
ABCB4,7.0,87072720					950	12	952	15	863	86
HLA-DOA,6.0,32975155					952	11	941	16	924	38
ZNF582,19.0,56904582	818	90	804	107	784	141	815	102	850	88
RARS,5.0,167922466	863	113	848	122	826	153	834	142	893	86
UCKL1,20.0,62572314	758	193	663	242	672	279	708	250	811	136
C2CD3,11.0,73844619	948	21	709	41	794	50				
ALDH1L1,3.0,125878240	749	197	679	268	656	293	733	218	788	156
ZNF566,19.0,36964299					946	31	964	14	919	50
DCHS2,4.0,155226201							911	11		
ARMC12(uc003ola.3:exon3:c.525+1G>A,uc003olb.1:exon3:c.444+1G>A),6.0,35706296	816	154	805	156	786	189	819	131	832	95
COL9A3,20.0,61453094	813	103	668	81	794	118	772	97	847	53
AX747985;AX747985,5.0,178951093	738	154	623	198	657	209	696	236	748	164
PLXNA3,X,153696093	776	120	586	110	601	123	640	125	654	101
RBP3,10.0,48389013	930	23	854	90	891	57				
GRM6,5.0,178417579	746	161	530	217	567	225	575	205	680	151
CACNA1I,22.0,40045514	872	64	883	75	869	76	892	63	923	20
NONE(dist=NONE),ANKRD26P1(dist=113721),16.0,46389528					740	11	713	11		
GZMH,14.0,25078841	609	357	494	442	492	471	517	392	625	247
SPTBN5,15.0,42159678	910	37			909	46	844	110		
GRIN2A,16.0,9857454	938	27								
RIMS2,8.0,104928624	903	72	872	109	904	72	949	37	942	32
NAP1L3,X,92927712	873	101	858	126	828	144	859	120	879	101
MED12(uc011mpq.1:exon33:c.4528-1G>C,uc004dyy.3:exon33:c.4528-1G>C,uc004dyz.3:exon33:c.4528-1G>C,uc004dza.3:exon30:c.4069-1G>C,uc010nla.3:exon7:c.406-1G>C),X,70352972	778	194	736	243	657	303	733	247	801	175
FMN1,15.0,33261574	734	232	614	356	582	383	651	318	771	205
SHROOM1,5.0,132161068	708	82	532	96	605	113	658	97	709	64
PLEKHA8,7.0,30094566	787	183	791	176	771	203	767	213	776	210
LYPLAL1(dist=397071),NONE(dist=NONE),1.0,219783278	498	111	410	153	426	166	448	138	534	104
IPO11(dist=912166),Y_RNA(dist=18774),5.0,62836582	731	212	574	198	652	267	727	210	735	176
DYNC1H1,14.0,102516419	851	110	828	126	830	120	875	85	914	41
CSMD3,8.0,113585784	659	321	627	346	544	433	587	388	713	261
SLC6A4,17.0,28549782	800	183	762	211	729	236	765	207	807	167
PRSS58,7.0,141952357	911	47	843	119	878	91	961	10		
KCNN3,1.0,154680401	908	69	895	90	883	98	909	73	954	30
TEK,9.0,27212798	881	88	820	146	815	138	860	101	906	49
INPP5D,2.0,234070281	925	53	949	20	911	54	842	118	917	53
CWC22(dist=866249),UBE2E3(dist=107023),2.0,181738089	749	198	526	227	597	255	648	238	789	128
KIF4A,X,69606591	859	90	773	108	785	101	801	109	831	37
ZFP37,9.0,115805409	870	104	812	143	799	134	833	118	885	90
ADARB2,10.0,1405608	699	81	486	88	551	75	550	82	642	26
RIC3;RIC3,11.0,8148350	872	96	840	126	835	134	857	119	884	87
PVRL4;PVRL4,1.0,161044376	909	44	939	23			940	31	934	31
IRX1,5.0,3600048	911	25	860	77	848	69	927	10		
L1CAM,X,153134949	728	223	565	189	646	225	619	192	730	117
APOE,19.0,45411947	370	43	237	44	245	63	283	39	346	35
AGTRAP,1.0,11810183	730	224	699	261	635	308	653	298	775	188
KPNA7,7.0,98771330			940	40	967	15				
IGFBP1,7.0,45931727	901	64	833	121	860	110				
SPAG4,20.0,34206393	833	126	818	142	779	186	819	152	819	138
MYH13,17.0,10212577	753	210	765	203	706	256	750	209	797	164
ZBBX,3.0,167078374					942	20			921	40
VAX2,2.0,71148369	847	105	742	203	761	193	865	90	919	10
RPS6KB2,11.0,67195983	696	228	620	230	643	258	666	229	764	166
HSPG2;HSPG2,1.0,22201384	494	71	373	71	383	100	390	82	423	43
FSCN3,7.0,127239523	830	125	751	135	812	145	860	85	930	40
TAMM41,3.0,11858785					953	20	959	10	917	55
CYP7A1,8.0,59404196	893	88	869	97	826	140	912	67	893	77
LETMD1,12.0,51445852					951	22	958	13	897	65
FLG2,1.0,152331245	841	137	821	155	853	133	822	150	903	67
SIGLEC9,19.0,51630343	899	71	933	38	966	10	940	29	931	32
ZNF326,1.0,90484255	809	102	536	115	610	145	678	124	849	105
MAP3K15;MAP3K15,X,19413325	870	98	803	104	817	136	846	111	906	61
MADD,11.0,47331131	763	197	738	235	702	270	713	256	831	145
TGFBRAP1,2.0,105912740	739	193	744	206	716	238	725	241	804	135
KAT2B,3.0,20082261	833	91	779	131	753	156	780	119	883	52
RYR3,15.0,34030823	833	121	558	124	700	131	686	108	887	48
DNAH9,17.0,11835423	871	96	853	103	842	125	830	123	886	82
POU5F2,5.0,93077052	450	17	310	38	340	38	398	12		
LRP1B,2.0,141709481	814	167	818	151	720	252	796	171	821	155
MIR548AE2,16.0,48278188	910	35	852	85	880	71				
ZFHX4,8.0,77764744	871	96	728	82	842	119	832	98	904	67
ABCA4,1.0,94511469	807	148	793	149	734	214	761	192	838	103
ZNF66(dist=44788),ZNF85(dist=83868),19.0,21022191	653	143	496	113	544	154	573	181	688	157
GPR139,16.0,20043664	863	101	853	113	836	129	852	104	884	76
C11orf95,11.0,63533555	910	24	897	30						
TTN,2.0,179427540	769	202	727	248	717	253	729	230	847	124
GDF5,UQCC,20.0,33972346	170	44	136	48	162	40	138	37	165	31
HM358977,5.0,77081258	851	95	798	153	826	126	764	179	845	108
PM20D1,1.0,205809416	871	89	846	127	833	140	852	101	875	88
TIMMDC1,3.0,119219714	804	178	722	255	688	281	729	243	832	146
OR13C9,9.0,107379706	854	122	644	124	750	152	758	113	826	135
COL4A6,X,107434819	932	34	873	88	908	64				
FGF20,8.0,16850755	748	230	591	278	530	361	625	336	727	236
PDGFRB,5.0,149497486	903	23	641	70	755	60				
NUP210,3.0,13376985	900	33	826	119	843	93				
FAIM3,1.0,207081578	881	89	852	107	848	114	853	110	902	65
ZNF831,20.0,57767447	736	210	705	235	664	281	698	247	789	177
LOC100507300(dist=4400),C11orf96(dist=17212),11.0,43946894	862	97	839	130	823	141	836	112	855	96
CRHBP,5.0,76251551	928	34	934	22						
FAM171B,2.0,187615918	848	111	827	119	788	157	870	90	877	97
KIR2DL2,KIR2DL3,19.0,55266450	772	170	778	164	714	232	705	224	772	175
LOC284379,19.0,54105481					875	24				
CNTN3,3.0,74315564	886	85	800	170	848	118	867	95		
PLOD2,3.0,145796997	701	196	542	195	597	248	565	214	755	156
SLC9A11,1.0,173506172	692	290	649	325	603	382	673	311	752	218
RPA2,1.0,28220620	722	113	562	96	556	111	550	106	704	79
CPSF7,11.0,61178504	759	208	727	238	686	287	730	240	820	143
OBSL1,2.0,220428333	859	92	810	137	806	151	831	124	841	97
AK096335,11.0,57414348	819	80	702	82	785	114	821	95	845	74
TRMT2A,22.0,20102783	691	39	515	76	619	55				
OR6K3(dist=6585),OR6K6(dist=30116),1.0,158694490	866	84	846	123	853	116	865	99	899	55
SIGLEC1,20.0,3678487	851	105	853	109	804	154	862	99	875	80
PSD4,2.0,113950120	783	172	709	215	671	249	628	238	744	121
CHRM3,1.0,240071931					686	10	721	11	719	25
HSFY1P1(dist=29727),IGKV1-12(dist=45363),22.0,17339952	846	117	819	145	808	153	827	139	862	92
POLR2C,16.0,57504969					946	11			940	34
TCEANC,X,13681626	852	108	743	140	771	130	745	123	822	92
IGKV1-12(dist=10367),GAB4(dist=47065),22.0,17395762	723	242	684	278	631	334	699	264	789	183
FLI1,11.0,128679144	696	269	631	314	578	396	568	398	774	198
PREX2,8.0,69058619	887	22	686	41	797	38				
EYS,6.0,65622672					556	11			748	37
SACS,13.0,23911082							889	10		
PHB,17.0,47489083	889	91	865	99	872	107	915	62	926	35
RP1,8.0,55541262	894	79	883	83	862	105	927	47	896	70
RCCD1,15.0,91500924	656	284	512	250	505	378	615	283	733	209
KIAA1267,17.0,44249266	889	93	848	127	858	121	875	111	935	47
TMEM232,5.0,109976771	837	106	641	89	764	111	709	85	846	35
CPZ,4.0,8608548	665	34	545	83	654	80	648	11		
SKIV2L2,5.0,54603744	811	84	776	106	741	121	776	115	789	73
FGF18,5.0,170883517	747	214	706	258	675	288	713	255	807	157
LRRN2,1.0,204588086	870	80	860	94	861	87	822	122	923	25
ZNF317,19.0,9251283	865	76	907	47	907	55	836	113	904	41
