gene_id	11	11	12	12	15	15	16	16	17	17
CTU1,19.0,51602241	184	15	116	21	168	24	117	11	132	11
HIPK1,1.0,114484051	235	46	230	51	179	68	177	38	232	22
IDE,10.0,94291416	166	9	201	8			121	4	169	15
RIMS1,6.0,72962469	156	41	157	28	150	32	135	18	187	21
EIF4A3,17.0,78111309	189	60	241	111	230	105	211	75	198	49
FAT2,5.0,150911280	220	2					183	10		
PLB1,2.0,28826940	230	55	244	89	188	107	183	67	203	39
PPP2R3B,X,308084	75	8	83	26	73	26	69	18	106	6
TULP1,6.0,35477285	79	48	92	40	62	52	78	56	108	27
STK25,2.0,242443353	102	7	92	9	134	0	84	14	97	9
C1orf216,1.0,36181679	210	31	203	46	222	51	169	31	194	16
FAM82B,8.0,87491161	454	66	572	156	489	103	476	142	439	62
ERAL1,17.0,27185937	460	59	580	63	590	64	490	49	416	23
PRKCA,17.0,64299090	545	51	570	94	559	82	470	58	522	48
ABCB4,7.0,87072720					186	6	221	1	184	18
HLA-DOA,6.0,32975155					488	3	383	7	335	19
ZNF582,19.0,56904582	258	20	220	38	232	40	262	46	271	30
RARS,5.0,167922466	134	12	152	26	155	33	170	24	163	18
UCKL1,20.0,62572314	195	75	221	74	181	77	179	57	241	33
C2CD3,11.0,73844619	197	11	171	29	172	11				
ALDH1L1,3.0,125878240	179	66	177	65	155	71	153	62	215	52
ZNF566,19.0,36964299					701	21	740	8	745	46
DCHS2,4.0,155226201							147	2		
ARMC12(uc003ola.3:exon3:c.525+1G>A,uc003olb.1:exon3:c.444+1G>A),6.0,35706296	261	51	256	37	237	43	195	49	239	18
COL9A3,20.0,61453094	109	12	115	19	105	17	86	5	122	2
AX747985;AX747985,5.0,178951093	116	34	97	48	120	43	100	26	98	30
PLXNA3,X,153696093	360	45	340	54	370	46	265	52	331	44
RBP3,10.0,48389013	242	10	267	10	242	22				
GRM6,5.0,178417579	96	39	88	14	76	37	75	29	100	20
CACNA1I,22.0,40045514	114	3	127	5	117	11	112	7	178	2
NONE(dist=NONE),ANKRD26P1(dist=113721),16.0,46389528					124	3	93	8		
GZMH,14.0,25078841	76	28	66	64	72	70	54	38	47	44
SPTBN5,15.0,42159678	294	8			258	16	259	23		
GRIN2A,16.0,9857454	270	16								
RIMS2,8.0,104928624	130	18	144	14	145	12	161	12	156	3
NAP1L3,X,92927712	324	36	394	53	315	56	323	45	308	30
MED12(uc011mpq.1:exon33:c.4528-1G>C,uc004dyy.3:exon33:c.4528-1G>C,uc004dyz.3:exon33:c.4528-1G>C,uc004dza.3:exon30:c.4069-1G>C,uc010nla.3:exon7:c.406-1G>C),X,70352972	235	76	276	95	207	88	207	85	253	76
FMN1,15.0,33261574	272	106	251	116	223	142	263	110	269	100
SHROOM1,5.0,132161068	429	52	513	60	454	94	333	61	386	30
PLEKHA8,7.0,30094566	173	44	214	46	190	51	170	44	168	52
LYPLAL1(dist=397071),NONE(dist=NONE),1.0,219783278	391	46	410	91	337	87	290	74	335	49
IPO11(dist=912166),Y_RNA(dist=18774),5.0,62836582	93	29	92	51	87	51	98	29	106	27
DYNC1H1,14.0,102516419	352	36	308	53	303	52	318	22	363	19
CSMD3,8.0,113585784	474	218	524	337	475	352	401	241	527	221
SLC6A4,17.0,28549782	289	79	275	86	278	75	231	69	248	52
PRSS58,7.0,141952357	349	15	330	33	314	47	338	0		
KCNN3,1.0,154680401	170	15	264	23	262	9	226	8	210	6
TEK,9.0,27212798	448	49	451	75	431	58	360	45	474	25
INPP5D,2.0,234070281	155	15	200	4	159	15	156	7	133	15
CWC22(dist=866249),UBE2E3(dist=107023),2.0,181738089	53	13	83	26	65	18	60	16	73	5
KIF4A,X,69606591	325	47	296	60	316	41	278	30	306	11
ZFP37,9.0,115805409	141	19	132	22	123	26	115	9	136	11
ADARB2,10.0,1405608	267	19	273	35	313	59	191	30	317	8
RIC3;RIC3,11.0,8148350	474	58	502	62	496	74	406	55	487	48
PVRL4;PVRL4,1.0,161044376	179	15	225	1			216	3	207	10
IRX1,5.0,3600048	302	9	263	24	300	12	265	3		
L1CAM,X,153134949	120	38	130	45	95	38	102	36	137	17
APOE,19.0,45411947	114	17	144	30	113	28	129	14	118	8
AGTRAP,1.0,11810183	176	42	167	82	165	85	168	68	218	40
KPNA7,7.0,98771330			268	19	304	0				
IGFBP1,7.0,45931727	88	6	103	22	123	16				
SPAG4,20.0,34206393	259	38	291	63	294	68	218	64	257	33
MYH13,17.0,10212577	146	46	140	50	177	71	136	51	139	42
ZBBX,3.0,167078374					103	7			97	6
VAX2,2.0,71148369	147	17	193	71	177	50	152	18	176	3
RPS6KB2,11.0,67195983	91	30	99	40	91	66	79	32	126	31
HSPG2;HSPG2,1.0,22201384	112	20	113	16	107	28	105	16	125	6
FSCN3,7.0,127239523	221	23	200	35	239	40	238	30	306	8
TAMM41,3.0,11858785					136	9	158	6	139	9
CYP7A1,8.0,59404196	614	39	685	61	696	92	603	63	581	72
LETMD1,12.0,51445852					144	1	124	1	128	9
FLG2,1.0,152331245	557	101	624	114	667	77	570	99	466	36
SIGLEC9,19.0,51630343	310	26	318	11	336	0	281	13	297	20
ZNF326,1.0,90484255	93	22	78	18	65	22	75	14	103	8
MAP3K15;MAP3K15,X,19413325	104	12	130	14	128	25	94	19	95	1
MADD,11.0,47331131	207	63	173	76	193	63	140	53	194	25
TGFBRAP1,2.0,105912740	231	67	245	66	222	79	205	86	212	37
KAT2B,3.0,20082261	123	8	128	12	119	31	94	14	169	5
RYR3,15.0,34030823	170	17	166	32	136	31	150	21	161	6
DNAH9,17.0,11835423	184	26	144	21	166	19	144	11	136	7
POU5F2,5.0,93077052	225	5	265	18	219	19	219	11		
LRP1B,2.0,141709481	195	44	224	59	178	71	163	44	201	24
MIR548AE2,16.0,48278188	134	5	142	13	125	6				
ZFHX4,8.0,77764744	901	71	838	123	864	112	847	103	885	78
ABCA4,1.0,94511469	198	39	187	27	150	23	157	42	231	26
ZNF66(dist=44788),ZNF85(dist=83868),19.0,21022191	214	54	224	44	209	41	211	79	217	52
GPR139,16.0,20043664	201	30	219	29	205	35	191	35	245	19
C11orf95,11.0,63533555	210	15	273	6						
TTN,2.0,179427540	299	81	305	112	276	103	233	107	353	40
GDF5,UQCC,20.0,33972346	79	24	97	17	79	23	76	18	73	7
HM358977,5.0,77081258	136	6	143	16	164	15	121	25	167	16
PM20D1,1.0,205809416	219	18	205	30	243	27	188	24	191	27
TIMMDC1,3.0,119219714	137	31	129	53	150	49	114	39	162	27
OR13C9,9.0,107379706	430	81	489	87	360	83	345	77	440	54
COL4A6,X,107434819	405	26	395	38	461	20				
FGF20,8.0,16850755	113	51	133	64	96	66	76	57	113	61
PDGFRB,5.0,149497486	324	11	353	30	354	40				
NUP210,3.0,13376985	341	17	387	41	347	45				
FAIM3,1.0,207081578	162	15	128	10	141	19	110	24	111	12
ZNF831,20.0,57767447	510	152	598	185	498	217	424	123	526	105
LOC100507300(dist=4400),C11orf96(dist=17212),11.0,43946894	211	36	239	29	232	27	200	25	215	26
CRHBP,5.0,76251551	171	9	201	5						
FAM171B,2.0,187615918	223	20	287	45	222	58	280	28	251	17
KIR2DL2,KIR2DL3,19.0,55266450	127	33	134	27	109	39	119	50	117	31
LOC284379,19.0,54105481					113	6				
CNTN3,3.0,74315564	261	24	286	48	236	50	258	14		
PLOD2,3.0,145796997	180	49	214	61	190	79	171	73	215	48
SLC9A11,1.0,173506172	64	31	77	39	77	37	82	22	95	16
RPA2,1.0,28220620	88	27	81	14	87	22	51	20	79	20
CPSF7,11.0,61178504	297	68	267	90	290	114	226	88	279	66
OBSL1,2.0,220428333	560	66	538	90	522	97	442	69	533	66
AK096335,11.0,57414348	216	16	173	20	185	15	164	27	185	34
TRMT2A,22.0,20102783	150	4	141	20	138	14				
OR6K3(dist=6585),OR6K6(dist=30116),1.0,158694490	103	4	91	10	84	14	67	6	106	7
SIGLEC1,20.0,3678487	103	6	131	9	92	22	66	16	111	17
PSD4,2.0,113950120	295	99	375	95	316	109	239	79	300	53
CHRM3,1.0,240071931					357	8	266	5	271	15
HSFY1P1(dist=29727),IGKV1-12(dist=45363),22.0,17339952	217	24	235	36	222	34	192	49	272	15
POLR2C,16.0,57504969					381	4			361	22
TCEANC,X,13681626	228	27	253	38	253	31	214	29	217	15
IGKV1-12(dist=10367),GAB4(dist=47065),22.0,17395762	184	45	143	91	178	75	119	60	197	53
FLI1,11.0,128679144	184	87	182	111	131	125	162	84	215	78
PREX2,8.0,69058619	72	2	103	9	109	3				
EYS,6.0,65622672					120	9			126	4
SACS,13.0,23911082							143	8		
PHB,17.0,47489083	314	37	390	46	440	39	317	27	315	11
RP1,8.0,55541262	620	36	734	65	636	94	620	51	611	54
RCCD1,15.0,91500924	153	55	156	69	145	76	175	71	178	31
KIAA1267,17.0,44249266	487	74	601	78	549	77	443	79	442	25
TMEM232,5.0,109976771	122	19	101	16	128	14	134	7	126	11
CPZ,4.0,8608548	364	46	409	58	411	43	380	3		
SKIV2L2,5.0,54603744	95	14	88	15	106	26	71	9	77	15
FGF18,5.0,170883517	254	45	260	78	213	110	183	74	210	57
LRRN2,1.0,204588086	408	39	468	53	502	56	312	45	407	11
ZNF317,19.0,9251283	564	32	611	17	510	25	450	60	553	26
