gene_id	12	12	14	14	15	15	16	16	17	17
GANC,15.0,42635417	697	196	909	61	690	95	840	51	839	58
NEB,2.0,152580748							885	62		
OR6B2,2.0,240969076	385	105	515	40	433	48	479	20	487	38
KIAA0947,5.0,5460794	765	199	921	48	856	82	918	25	898	52
RBM10;RBM10,X,47041724									390	20
ABLIM1,10.0,116245167			332	4					286	22
FBXO39,17.0,6683637	527	36					538	6	553	11
SYT9,11.0,7437314	734	206	890	65	870	98	932	35	880	64
FPGT-TNNI3K,TNNI3K,1.0,74945964	501	159	612	43	536	69	594	20	597	52
ANO9,11.0,420937	274	95	399	32	336	53	336	22	344	28
RHOA,3.0,49400062	568	140	790	32	632	71	720	22	705	45
MAGI3,1.0,113993398	608	64	635	16	571	8	591	8	600	10
PIK3C2G,12.0,18658284	919	31	919	36	914	29				
TMEM82,1.0,16073471	332	105	457	39	302	53	490	25	427	21
HLA-A,6.0,29912647	408	89	550	38	482	39	542	12	503	27
CLCN7,16.0,1524215	490	242	572	239	536	212	542	234	532	240
TTC31,2.0,74717585	427	43	461	18					387	12
ST3GAL3,1.0,44316938	456	147	702	56	535	61	687	33	592	52
MDM1,12.0,68721165	772	205	745	243	753	231	784	195	817	158
PCDHGA8,5.0,140774586	184	73	204	65	175	63	207	48	194	42
CYP2A13,19.0,41601819	413	132	519	51	525	53	589	17	494	30
SPG7,16.0,89614406	509	139	769	51	629	54	714	26	609	43
BATF3,1.0,212860352	622	147	795	66	678	53	704	26	702	54
STAC3,12.0,57638091	820	126	895	42	920	27	924	16	916	36
LZTFL1,3.0,45874469	848	83	857	85	883	68				
COL4A4,2.0,227964394							482	32		
PHACTR1,6.0,13053887	745	149	919	51	865	77	929	28	885	59
PTK2,8.0,141716378			794	11			655	146	723	68
LRP6,12.0,12419592	494	204	417	200	403	165	423	155	409	216
HIVEP2,6.0,143094712	368	215	578	72	545	67	657	32	538	49
ZMIZ2,7.0,44804677	621	49	677	73	617	50				
PABPC1L,20.0,43567321	540	295	802	120	741	157	823	49	737	83
PDCD4,10.0,112650285	562	248	605	242	529	245	558	218	561	287
LOC646329,7.0,130562165	383	178	572	42	488	75	605	23	517	34
KCNN1,19.0,18100671	876	91	867	93	884	60			917	16
FBXL17,5.0,107716989	168	4							158	4
TRIP13(dist=61518),LOC100506688(dist=8743),5.0,979682									761	27
CILP,15.0,65490344	735	217	903	66	842	101	923	30	874	73
ADAD1,4.0,123336551	483	71	733	23	643	7	690	10	633	28
LOC401397(dist=332829),PPP1R3A(dist=425416),7.0,113091466	425	97	665	45	594	12	618	27	583	41
RERE,1.0,8424671	643	210	881	76	704	102	796	26	816	55
PPP4R4,14.0,94699917	234	106	324	27	293	41	342	18	356	33
SFI1,22.0,32000209	576	130	655	45	601	35	621	27	687	39
RGS11,16.0,322366	610	353	622	338	643	306	700	264	677	281
OR4B1,11.0,48239189	881	73	910	25					888	29
TNFRSF13B,17.0,16843005	471	47	541	21			505	7	454	11
MYOM1,18.0,3119943	299	122	442	36	357	26	442	12	391	27
ITGA8,10.0,15639284	626	187	859	69	708	75	751	23	771	51
PXDN,2.0,1653354			943	11					889	74
SLC45A1,1.0,8403716	427	54	497	22			389	7	445	16
BAIAP2,17.0,79027399	453	243	525	262	436	184	483	191	422	222
TFAP2C,20.0,55212757	537	248	744	93	593	132	720	54	609	86
TMEM62,15.0,43473458	521	144	691	47	613	47	675	26	705	55
NRXN3,14.0,78993145	491	45	530	121	421	116	550	81	548	116
YY1,14.0,100728720	265	6	380	4	307	6	350	4		
LRRC40,1.0,70671009	407	135	524	41	503	62	490	16	471	45
LOC654433,2.0,114000257	743	203	896	57	871	69	932	30	876	59
TBX4,17.0,59533927	220	17	235	14	227	4				
SEMA4B,15.0,90765014							696	114	848	12
PADI2,1.0,17409081	506	19			520	10				
PHACTR1,6.0,13205914	101	74	145	106	111	74	97	77	117	95
LILRB5,19.0,54757994	562	68	515	163	420	149	620	121	563	133
TACC2,10.0,123809859			927	15					857	75
DOCK3,3.0,51374229			975	10			830	135	883	90
RSL1D1,16.0,11931853	718	160	881	47	877	64	837	30	856	56
MRGPRX1(dist=21849),MRGPRX2(dist=97605),11.0,18978398	455	133	580	51	457	61	539	35	518	41
GCDH,19.0,13008539	338	34			362	17				
DNAH11,7.0,21904161			920	19					749	84
SLC13A3,20.0,45195270							839	82		
GLI3(dist=559854),C7orf25(dist=112400),7.0,42836472	570	138	695	65	551	68	691	24	648	50
KAT6A,8.0,41814706	595	262	881	67	791	103	907	41	864	74
DIAPH3,13.0,60616981	609	18	656	32	552	20				
USH2A,1.0,216375120	435	124	650	44	492	40	559	25	561	34
UBE3A,15.0,25652207	553	198	714	55	681	53	716	20	691	44
MDM1,12.0,68720634	779	137	785	130	763	157	802	130	812	109
SFXN2,10.0,104486461	879	20	866	41	757	23				
EXOG,3.0,38537851	744	197	868	71	865	86	913	25	889	47
COLQ,3.0,15495287			259	5			201	27	239	36
PHF20L1,8.0,133816342	697	277	684	277	649	306	727	225	664	300
CATSPER3,5.0,134332076	738	215	921	50	896	69	912	43	917	50
VNN1,6.0,133013674									339	14
TARSL2,15.0,102264591	566	137	666	45	555	66	597	31	621	48
ZNF730(dist=72477),ZNF724P(dist=1367),19.0,23405240	536	18	438	69	408	60	388	61	448	51
PLXNA2,1.0,208390654	384	289	433	299	375	227	419	201	392	217
PARP8,5.0,50092978	711	42	673	57	585	56			630	11
C9orf24,9.0,34381418									733	34
UNC80,2.0,210860304									534	37
EPG5,18.0,43447765	256	209	423	218	358	162	465	188	413	196
MLL4,19.0,36227608	301	53	410	15	354	27			413	13
TECPR1,7.0,97858409							663	111		
NEURL4,17.0,7227297							397	72	409	49
ACTN2,1.0,236908074	606	303	637	320	687	268	616	279	608	311
COG3,13.0,46050325	434	35							499	6
ABTB1,3.0,127396479	748	191	876	53	761	59	798	27	783	51
TUBGCP2,10.0,135102615	603	347	611	336	645	290	652	254	643	266
UPP1(dist=34946),ABCA13(dist=27781),7.0,48183276	517	133	564	44	492	66	586	29	550	39
MUC19(dist=105815),MUC19(dist=20002),12.0,40918850	720	231	849	93	722	70	881	35	866	83
STK11,19.0,1220487	188	318	269	301	251	262	320	312	277	314
MYC,8.0,128752989	649	303	651	264	584	283	696	226	662	281
NAV2,11.0,20071287	563	137	775	26	587	75	718	19	686	55
LOC93432,7.0,141840828	533	19	678	35	596	28				
AFF3,2.0,100453953	554	57	656	15			634	21	670	17
CUBN,10.0,16956028	365	28	365	56	306	51	417	37	312	49
DDX4,5.0,55086393	511	47	605	24					521	17
MYH13,17.0,10222569	14	5			19	4	13	2	22	3
EXOC6B,2.0,72742144	450	18			424	5				
FAM83C,20.0,33875715	774	140	892	45	867	69	872	25	888	53
NBR1,17.0,41355621	776	62	894	23			793	17	751	23
PRKD1,14.0,30100050			644	11			535	113	517	66
ABCA2,9.0,139907206	347	34	447	10			500	6	518	21
IFT172,2.0,27683954	704	259	759	204	734	217	788	156	792	170
SLC5A4,22.0,32650090	713	40	723	73	625	41				
PCDHGB4,5.0,140768340	848	58	782	86	748	56				
UNC5D,8.0,35584005	525	201	897	66	714	103	905	28	799	67
PPFIA4,1.0,203004444	502	164	697	57	523	75	607	20	605	45
PTPN6,12.0,7060610	927	25	862	98	739	95	767	86	865	96
FAM13A,4.0,89711945	453	165	752	58	613	50	663	37	620	43
AS3MT,10.0,104636646	719	194	911	55	792	70	899	38	817	60
CELSR3,3.0,48698427	804	69	832	104	804	61				
PIGB,15.0,55621992	813	27	924	35	830	36				
MCM3,6.0,52149551	496	137	670	46	578	57	639	13	635	45
POU6F2,7.0,39500243	580	63	752	26			545	12	636	20
TMPRSS6,22.0,37492695	402	46	413	37	345	27	359	5		
ADAD2,AK123582,16.0,84228150							351	45		
KY,3.0,134346900	784	176	846	56	799	66	757	24	849	51
UBASH3B,11.0,122669681			928	13			781	131	867	86
FAT4,4.0,126384790	265	226	376	197	362	201	419	214	359	221
PRKDC,8.0,48812912	711	73	904	35			798	12	844	22
CACNA1C,12.0,2229478			929	24			848	98	859	107
DEFB119,20.0,29978208	734	153	910	48	790	58	848	28	847	43
PCDH7,4.0,31144047	438	35	435	37	385	31			457	8
CELSR1,22.0,46932442	18	13	27	6	28	6	29	7	16	4
GPR182,12.0,57389388							859	87	885	69
C12orf74,12.0,93101030	280	317	339	215	275	300	407	139	346	164
GCN1L1,12.0,120632401	563	231	672	74	617	67	645	32	665	51
GPS2,17.0,7216247	871	72	888	65	862	62				
NLRP5,19.0,56538538	326	208	519	81	481	61	593	25	554	52
PPP4R1L,20.0,56823348	317	45	355	21	316	26	319	8	324	11
CYP2A13,19.0,41594882	370	217	459	244	414	238	420	303	367	316
DOM3Z,6.0,31939206			934	11					884	58
IGH(dist=86906),IGH(dist=11213),16.0,33741298	675	123	792	49	721	55	810	17	697	52
UTP15,5.0,72864527	676	171	837	56	656	60	827	27	739	54
BTNL8(dist=16431),BTNL3(dist=21508),5.0,180394337	684	33	688	28	570	26				
BC046497,2.0,175613292	736	190	912	58	844	100	930	27	882	61
SLC6A5,11.0,20652285			958	10			825	110	901	62
BAIAP2L2,22.0,38504273	508	56	522	23			518	7	490	14
OR7A17,19.0,14991732	562	28			561	12				
PSG5,PSG6,19.0,43682622	231	55	248	89	200	76	266	46	229	58
STOX2,4.0,184930868	492	58	685	29			622	7	624	23
DPYSL3,5.0,146785219	664	211	888	77	848	66	912	26	896	64
ZNF827,4.0,146823727			762	8			625	93	665	88
CSMD3,8.0,113694797	797	35	617	99	633	115	687	71	655	96
C13orf27,13.0,103418947	469	40	558	13					520	14
FOPNL,16.0,15973676			451	6			396	47	347	33
CDH12,5.0,21842376	547	161	754	73	641	62	721	30	660	47
FAM19A2,12.0,62261298	320	659	376	601	346	629	386	583	393	572
PALM3,19.0,14168126	281	131	420	158	298	128	477	70	444	89
ESYT1,12.0,56527757	689	102	713	33	579	40	615	16	631	25
RFXAP,13.0,37393834	462	147	567	35	527	49	573	22	537	36
SLC45A2,5.0,33969036	290	126	282	147	222	119	307	141	277	148
ADAMTS12,5.0,33649125	518	44	594	22	504	6	553	7	561	17
GCAT,22.0,38212628	891	68	860	96	778	52			922	12
LOC388499,19.0,7944326	341	30	414	46	338	14				
MTA3,2.0,42873793									822	26
GGA3,17.0,73233545	509	141	724	57	628	64	693	23	680	48
CALCOCO1,12.0,54107998							793	42		
LOXHD1,18.0,44198067	188	90	305	90	203	97	319	61	277	75
CPT2,1.0,53676291	544	56	579	22			599	8	573	21
INPPL1,11.0,71945413	492	135	740	39	593	61	643	39	624	60
ATP2A1,16.0,28915578	693	190	880	55	737	57	904	42	767	56
C3orf15,3.0,119462951			496	9					376	57
MAP1B,5.0,71491660							509	70		
KIAA0319L,1.0,35916001	699	190	883	70	828	84	851	34	843	65
CDC42BPB,14.0,103449934							745	121		
TRPM7(uc001zyt.4:exon3:c.4-1G>A,uc010bew.2:exon3:c.4-1G>A),15.0,50955244	313	198	370	191	333	141	339	157	322	154
RYR2,1.0,237666601	561	409	616	355	580	377	670	297	603	340
ITGA9,3.0,37818936	710	193	875	60	752	73	892	27	846	53
SYT7,11.0,61318791	301	83	412	31	301	31	381	15	312	25
SMARCC1,3.0,47823428			906	11			783	107	790	115
PPOX,1.0,161138141	738	185	849	51	865	72	911	18	876	62
ECM2,9.0,95298340	181	99	300	25	234	36	325	10	309	25
DLK1,14.0,101200846	419	250	699	73	521	81	607	35	616	65
PPP2R1B,11.0,111636550	631	138	760	52	657	61	759	22	715	55
CYP20A1(dist=9929),ABI2(dist=12511),2.0,204180492	603	143	772	63	686	76	726	22	694	44
KEAP1,19.0,10610159	93	178	160	164	127	163	184	206	157	192
DDHD1,14.0,53558615	477	25	586	30	453	19				
ITM2C,2.0,231741602	554	307	664	294	612	287	664	226	605	321
CDHR4,3.0,49836716	339	298	620	79	518	136	572	44	557	85
FAM187A,17.0,42981278	644	49	737	78	657	63			739	14
NEDD9,6.0,11192682	754	206	896	45	867	88	908	36	925	38
FRG1B,20.0,29630636	751	118	834	43	801	61	839	24	806	41
SCUBE1,22.0,43634897	468	141	587	49	465	51	559	17	517	45
HAUS7,X,152720548	408	18							450	5
GKAP1,9.0,86357558	209	164	329	119	269	126	443	81	386	114
NTM,11.0,131240712	521	141	702	56	602	53	566	30	628	41
ABHD15,17.0,27893336	583	60	714	35	624	8	641	9	639	20
KANK1,9.0,711937	235	123	392	45	307	69	464	29	426	56
FASN,17.0,80047034			812	11			599	110	649	106
HEATR5B,2.0,37295854	693	168	861	56	762	74	912	29	850	52
HOXA9,7.0,27204970	502	301	639	309	610	266	621	263	614	316
C17orf80,17.0,71238436	663	287	671	237	690	247	711	164	768	174
C10orf120,10.0,124457734	590	356	593	327	604	284	574	238	637	282
PABPC1L,20.0,43561554	724	246	700	271	710	269	700	268	685	282
TMTC2,12.0,83290295	552	180	631	76	624	57	628	20	594	57
ZNF227,19.0,44732767	552	171	745	59	644	60	727	28	751	42
ABCF3,3.0,183910700	922	41			934	12				
ZNF23,16.0,71482247	417	24			431	16				
LY6G5C,6.0,31644771	925	24	933	27	931	25				
SLIT2,4.0,20555910	772	40			783	27				
KDM2B,12.0,121868343	217	75	234	18	187	31	205	8	207	8
ANO9,11.0,421054	311	80	434	40	363	48	382	17	350	34
KIF2B,17.0,51901851	536	281	595	353	524	233	589	252	529	280
SLC35E3,12.0,69141713	806	174	834	148	809	172	852	126	899	87
MDM1,12.0,68720322	767	210	734	242	750	226	780	187	817	160
LPHN3,4.0,62758470	497	199	860	62	659	104	842	34	777	61
COL22A1,8.0,139890488	331	75	291	22	295	28	384	9	350	11
CCT4,2.0,62099654	342	125	486	36	417	32	449	24	389	24
TPK1,7.0,144228119	399	58	571	17			569	10	551	23
PDZRN3,3.0,73432921	797	136	669	261	737	211	674	258	703	245
TMEM108,3.0,133098622	886	46	906	26					798	27
LRP5,11.0,68174101	724	212	877	66	858	54	848	38	884	69
TGFB2(dist=80887),U3(dist=16184),1.0,218698848	395	253	478	251	349	237	405	171	431	175
CLU,8.0,27462668	428	51	541	72	449	37			569	10
MST1P9,1.0,17085043	734	61	744	42	738	68	726	57	756	49
LIN9,1.0,226497275	363	147	544	46	465	37	462	17	406	40
KLHDC9,1.0,161068451	732	209	889	58	859	66	907	26	832	79
GCC2,2.0,109092238	310	99	426	26	328	26	363	6	324	25
MASTL,10.0,27459657							544	87		
CHST3,10.0,73767675	172	121	181	114	185	88	152	88	192	95
AK001975,MBD5,2.0,149227563			929	10					852	87
AX747757,16.0,17432036	791	182	896	72	865	95	943	22	890	72
HTT,4.0,3240353	613	28			533	20				
CLIP1,12.0,122848452	244	284	442	122	346	112	433	61	352	81
IQSEC2,X,53280045	280	30	318	32	253	26				
NAT6,3.0,50334462	721	59	785	23			636	15	716	17
POLR3A,10.0,79762009	472	39	486	49	442	37			527	9
SLC22A10(dist=50571),SLC22A9(dist=7444),11.0,63129817	491	129	679	39	572	50	692	8	688	37
LOC283585,14.0,87379792	313	37	360	59	314	25	352	61	332	60
SLC5A12,11.0,26742964	645	31	611	121	530	80	599	64	631	82
ZKSCAN4,6.0,28215038	349	238	395	344	325	245	337	289	380	275
SLC4A10,2.0,162758551	614	350	644	333	645	327	708	261	657	309
GCAT,22.0,38212629	874	65	849	95	772	52			921	13
BCL6B,17.0,6929818	564	200	706	159	606	172	694	127	657	148
SNORD114-19,14.0,101442837	186	201	261	158	229	161	304	119	238	153
PRIM1,12.0,57125497	488	26	446	7			434	5	385	4
LGALS9(dist=5145),DQ586005(dist=12573),17.0,25981731	528	27			450	7				
CAPNS1,19.0,36637023							404	75		
SYTL4,X,99931069	201	50	255	16			252	6	270	13
UBL7,15.0,74742232	511	161	667	57	517	79	634	36	576	64
abParts,22.0,22730743	510	275	460	204	419	212	458	214	414	258
HBM,16.0,216303							648	103		
MALAT1,11.0,65266749	416	40	425	6						
KRTAP7-1,21.0,32201865	342	64	433	113	408	85	442	151	451	177
VSTM4,10.0,50311781	482	126	530	52	505	40	500	17	517	31
ESPNP,1.0,17033879	881	75	918	24			930	18	926	26
TRPM1,15.0,31294659	772	197	903	62	894	78	922	40	921	46
KIF24,9.0,34257036	306	46	397	16			419	6	418	19
POLR1A,2.0,86259427	746	191	890	59	873	91	927	32	898	54
ADSL,22.0,40749010	740	33	699	28	564	34				
COL1A1,17.0,48265913									867	79
DNM3,1.0,172100439	743	180	864	69	798	59	819	18	772	35
AAK1,2.0,69693533	726	217	871	66	814	107	851	33	894	65
COL6A5,3.0,130107455	836	78	910	39			861	18	887	27
RARA,17.0,38524354	732	207	882	70	807	76	866	28	914	49
TMEM161B,5.0,87536803	367	110	420	105	346	101	384	73	419	85
C20orf194,20.0,3305591	623	135	542	43	538	58	566	28	601	32
CCDC9,19.0,47768106							166	8		
KIAA0355,19.0,34818854	910	53	809	148	835	118	860	103	858	95
CYTH4,22.0,37709588	566	182	696	65	559	93	686	27	668	81
SLC11A1,2.0,219247713	444	118	518	48	406	79	517	23	521	46
HSPG2,1.0,22199815	472	215	557	210	496	177	489	232	506	233
AB231729,AB231731,11.0,59996058							200	26	219	4
NEDD4,15.0,56122830	570	160	832	50	641	66	779	35	696	49
RPS10,RPS10-NUDT3,6.0,34393031	557	37	640	46	528	41			641	7
BARD1,2.0,215609794	750	196	888	63	822	68	863	25	868	66
SPO11,20.0,55917854	763	154	922	35	881	53	822	19	876	53
PAXIP1,7.0,154760157							454	35	485	7
NSMCE1,16.0,27268697	338	217	428	197	366	162	405	174	373	179
COL4A2,13.0,111156645	359	33	359	34	303	15			357	6
H6PD,1.0,9322099	383	101	544	43	384	27	561	21	513	25
FOXH1,8.0,145701156	121	60	154	21	158	20	157	10	158	20
FAT1,4.0,187549797	218	173	350	203	287	167	386	181	365	165
TRIP13,5.0,915997	583	164	830	56	699	58	764	15	783	40
PLEKHB2,2.0,132110401			884	11			813	117	833	100
TUBGCP6,22.0,50656166	879	76	924	34			949	16	922	26
DHX9,1.0,182845235	615	58	732	35			608	12	671	14
GPR27,3.0,71803821			864	11					813	73
MLL4,19.0,36218546	273	43	346	17	306	17	337	9	329	6
ZNF300,5.0,150276107	467	274	543	257	448	193	488	201	449	241
ACSM1,16.0,20651903			730	10			585	90	590	73
RSAD1,17.0,48562233	462	56	546	17			495	8	526	20
GRINA,8.0,145066668	765	135	886	66	842	72	929	22	879	62
YES1(dist=19918),ADCYAP1(dist=72484),18.0,832460	376	43	456	46	374	36	463	6	429	5
NAA16,13.0,41947820	523	132	719	65	603	59	682	25	641	53
FAT3,11.0,92523178	613	351	652	310	613	324	651	292	602	303
TTC40,10.0,134628170	541	156	737	55	613	68	605	29	688	57
C15orf27,15.0,76449137	490	54	601	42	523	50			589	10
MKI67,10.0,129908689	542	169	736	47	585	74	732	32	632	62
FUS,16.0,31191502	601	339	624	324	631	321	645	270	619	320
XPO7,8.0,21860763	592	75	791	35					735	16
CLDN14,21.0,37858520	555	164	751	67	632	73	711	32	756	50
C7orf57,7.0,48092361	828	31			759	24				
EXD3,9.0,140247165	242	347	330	397	252	305	492	331	413	323
ADAP2,17.0,29281653			919	12					721	67
FAM98C,19.0,38896084	615	116	851	27	680	57	779	11	742	30
ZNF286A,17.0,15604568	592	145	722	48	655	49	667	11	682	43
MCF2L,13.0,113669099	379	171	454	144	384	152	461	115	436	116
SHISA6,17.0,11166758	689	42							735	16
CDC42BPA,1.0,227210993	757	62	838	26			784	13	717	27
AX747879,5.0,179079296	836	66	881	28			877	16	900	22
MBD1,18.0,47807569	692	256	877	61	867	72	902	40	878	71
C7orf44,7.0,43684895	391	115	588	34	470	34	510	10	562	29
NKD2,5.0,1038606	372	99	490	25	418	54	530	22	495	41
GATA5,20.0,61050244	425	85	474	20	437	35	422	19	411	23
OR5T1,11.0,56044036	621	290	632	283	641	323	653	289	623	310
EEF1D,8.0,144663274	660	261	624	292	601	255	736	212	571	241
RBPJL,20.0,43936860	888	64	915	32			940	13	912	26
TRA2A,7.0,23571362							818	127		
SLC25A25,9.0,130863568	309	171	451	51	390	43	510	30	498	51
CINP,14.0,102818698	578	62	716	47	659	8	699	15	626	27
TOB1,17.0,48940580	334	109	470	27	392	34	448	16	411	41
GIMAP4,7.0,150269507	558	220	823	77	742	75	907	35	894	57
FGD4,12.0,32734921			877	11					826	46
ARHGEF37,5.0,149003654							664	124	765	73
C7orf58,7.0,120935634	612	59	895	26			919	11	864	17
ZFP106,15.0,42731487							840	114		
SACS,13.0,23913064	867	56					819	12	868	15
CHD4,12.0,6709832							498	69		
CHRND,2.0,233399134	651	171	862	63	714	79	827	23	836	59
MAP3K3,17.0,61770899	639	67	783	31	644	10	629	12	737	16
THOC6,16.0,3076205	416	16	461	37	366	15				
NHS,X,17750001	122	182	188	155	136	134	195	92	188	106
CSMD1,8.0,2986466							641	62		
MBD5,2.0,149226316			557	8					476	62
FAF1,1.0,51253871	407	98	509	29	465	61	547	22	510	37
EIF3A,10.0,120817745	322	166	325	180	289	138	351	122	310	147
NOP56,20.0,2638620			638	9			477	95	561	49
AK310876(dist=68126),FOXD4L5(dist=349797),9.0,69825910							705	46	639	38
KRBA2,17.0,8273078	483	141	644	36	502	26	553	21	549	39
AKR1B1,7.0,134132293	509	19	601	22	535	21			591	7
ADAM22,7.0,87564445	221	51	233	102	191	64	214	108	195	73
ADCY1,7.0,45717507	919	29	893	39	918	36				
TTLL4,2.0,219610804	659	171	860	47	752	65	789	35	808	46
DNAH2,17.0,7683820	873	84	860	86	866	63				
ACVR2B,3.0,38519143	307	489	556	394	422	381	522	268	490	331
AK309218(dist=564362),CDH4(dist=34142),20.0,59793340	352	117	531	36	396	61	490	17	470	43
LRCH1,13.0,47297288							635	120	661	56
COL21A1,6.0,55924746							617	44	541	48
SRFBP1,5.0,121310999	592	337	660	297	599	318	657	289	631	317
FN1,2.0,216253062	509	110	609	43	559	57	635	27	564	36
FAT2,5.0,150925319							697	119		
PLCL1;PLCL1,2.0,198948482	473	155	524	142	447	148	513	101	450	114
GU228584(dist=48590),LANCL2(dist=105230),7.0,55327911	505	274	565	257	433	236	509	207	489	290
SDHAP1,3.0,195706475	884	48	830	66	753	44			785	13
OPN5,6.0,47791809	642	332	686	274	694	263	720	248	668	266
AKAP8,19.0,15482785	578	32	642	116	481	92	577	77	602	83
ALDH18A1,10.0,97369845									415	22
HKR1,19.0,37825518	918	31	901	38	903	25				
TUB,11.0,8111602	362	93	498	43	386	44	433	21	442	45
CACNA1S,1.0,201054124	333	124	408	92	281	97	291	71	343	89
CHEK2P2,15.0,20488939	768	43	799	17	808	25				
SNRNP200,2.0,96950111	691	239	883	66	824	116	903	47	858	81
UTP20,12.0,101768612	356	385	557	126	432	147	531	55	468	112
LRP8,1.0,53728349			714	10					574	48
FMO6P,1.0,171107750	774	26	804	34	691	19				
TK1,17.0,76171029	750	187	871	55	854	74	926	23	894	55
ASPH,8.0,62566113	417	109	544	32	487	55	510	13	526	44
WDR81,17.0,1634561	574	209	796	61	626	93	748	35	786	65
LRRK2,12.0,40702341	341	24	317	12	289	4	274	6	303	10
C14orf181,14.0,69262922	222	106	373	30	263	23	391	10	314	35
ERCC5,13.0,103498528	426	271	538	250	459	255	480	216	525	229
KIAA0100,17.0,26962323							527	63	560	59
OSBPL8,12.0,76760260	657	192	787	82	625	56	698	27	668	57
MAU2,19.0,19460047	610	279	701	204	648	257	770	150	719	177
RHBDL3,17.0,30632211	102	22	137	11	127	16	140	4	141	10
ANKRD17,4.0,73981595	480	174	796	62	600	70	806	33	728	54
MTR;MTR,1.0,237044056	748	211	755	182	687	218	733	143	762	154
TCHH,1.0,152086458	610	291	653	295	616	290	567	334	588	343
SPN,16.0,29675097	625	159	853	68	599	80	777	38	696	45
APOC4,19.0,45445696	599	25	732	52	585	33	732	39	685	57
CADM3,1.0,159163252	570	321	631	307	535	225	488	242	538	287
NEU3,11.0,74705542	668	200	836	67	771	88	855	34	783	52
CWH43(dist=58915),DQ579288(dist=82052),4.0,49123010	933	10								
SPON1,11.0,14279307	732	203	877	59	836	103	900	29	896	59
ATP2A2,12.0,110778785	629	195	718	70	670	82	665	28	671	72
NPB,17.0,79860338	133	50	174	50	127	40	140	23	147	42
HLA-L,6.0,30231271	895	71	934	29			954	12	936	24
ALB,4.0,74279209			786	11			775	122	678	84
FAM184A,6.0,119345790							770	182		
MLL,11.0,118377181	536	327	591	294	490	243	491	228	459	254
LAX1,1.0,203741124	702	223	890	78	828	102	923	34	907	56
CHRNG,2.0,233407783	766	184	886	55	866	70	914	33	883	63
A2M,12.0,9263884	329	21	267	4					273	6
CH25H,10.0,90966553	824	80	859	26			898	13	839	34
MAGEB18(dist=20809),MAGEB6(dist=30895),X,26179662	95	284	150	266	136	251	131	236	158	216
NCKAP1,2.0,183822272	732	182	910	54	843	96	882	30	853	72
ACSM2A,16.0,20482644	778	33								
HERC1,15.0,63908083	501	121	674	40	553	64	638	20	590	50
KIF5A,12.0,57961317	493	84	560	30	470	35			479	25
AHSP(dist=34847),CSDAP1(dist=4117),16.0,31574971	521	310	567	309	573	229	634	263	572	285
PNPLA1,6.0,36270263	807	28	920	43	857	27				
WFDC5,20.0,43738997	435	26	411	38	402	31			402	5
SYNRG,17.0,35913519	805	47	731	110	669	103	716	112	720	77
UGT1A8,2.0,234526673	699	195	905	53	746	87	885	39	895	56
SULF2(dist=73562),BX648826(dist=96121),20.0,46488922	821	141	901	68	895	73	885	24	903	39
PTK7,6.0,43106789	342	26	455	53	373	19			449	5
USP43,17.0,9549282	699	211	859	75	856	94	886	32	846	83
COPA,1.0,160265731	482	103	569	55	499	43	492	19	529	37
EWSR1,22.0,29684712	256	63	298	35	224	38	308	9	326	32
NPIPL1,16.0,29332396	456	119	614	54	522	39	528	15	609	25
ACAD9,3.0,128631449	796	156	890	60	874	64	897	29	893	57
PPIP5K2,5.0,102522026									846	24
ACIN1,14.0,23549224	137	156	183	117	153	110	209	115	183	124
PARP14,3.0,122399763	855	50	889	34			850	12	905	24
SDAD1,4.0,76878525			644	12					545	72
PIK3R6,17.0,8740269	145	7	143	9	115	10				
PPP2R5C,14.0,102391518	597	33	699	45	583	33			736	8
PHACTR4,1.0,28696400	481	147	593	65	487	73	576	28	658	32
PKD2L1(uc009xwm.1:exon10:c.1398-1G>T,uc001kqx.1:exon10:c.1539-1G>T),10.0,102054413	907	33	922	42	928	31				
DCTPP1,16.0,30440394	882	49	799	93	804	115	814	112	802	134
QRICH2,17.0,74283250			345	8			255	27	300	30
CYP7B1,8.0,65537049	381	157	406	108	366	113	442	66	373	67
PHACTR1,6.0,13053870	776	156	924	52	837	78	893	24	892	70
RCBTB1,13.0,50115060							572	79		
ZNF609,15.0,64967156	748	190	892	52	827	92	904	37	889	62
DQ590126(dist=140078),IGL@(dist=154941),Y,13474696	754	8			777	15				
VWA5B2,3.0,183956813	805	153	897	65	877	60	908	36	871	57
FOXP2,7.0,114269722			641	13			492	58	534	50
DPYS,8.0,105441945	645	150	621	33	639	52	831	16	689	33
MFF,2.0,228207487	718	208	897	60	736	92	815	36	878	61
LDB2,4.0,16504230	528	113	615	48	500	63	644	24	547	40
ZSCAN22,19.0,58850489	590	58	665	57	554	30				
FLT3,13.0,28597539							683	115	732	67
LOC440300,15.0,84860090	808	68	866	21	818	40	871	10	856	36
SLC30A3,2.0,27486182	876	80	903	41			921	15	916	27
PARVB,22.0,44515025									607	19
EPS15L1,19.0,16539496	636	34	602	97	501	84	553	65	563	73
EFCAB5,17.0,28380651	595	165	820	71	660	55	755	33	750	41
FLNB,3.0,58067593	712	65	816	42			680	12	747	18
MYBBP1A,17.0,4458643	486	138	719	54	604	58	697	18	638	55
SRC,20.0,36014830	796	143	885	61	880	70	925	33	913	52
LOC100128554(dist=38238),LOC387895(dist=219678),12.0,126995569	222	305	281	179	214	188	316	97	282	145
TDRD9,14.0,104441688			326	6					269	27
SASH1,6.0,148829977	252	136	397	41	306	60	430	29	408	37
FLJ43860,8.0,142489369	522	171	474	151	405	143	526	80	465	130
RET,10.0,43600624	685	224	883	62	852	77	913	36	892	50
CRIP3,6.0,43275528	376	51	508	41	430	27			447	7
CUZD1,FAM24B-CUZD1,10.0,124594286	541	156	741	63	623	68	685	28	656	48
APC,5.0,112128276	440	115	674	42	527	57	579	16	558	34
HCRT,17.0,40336393	416	108	598	51	486	47	544	19	570	51
OVCH1,12.0,29624866	904	57	918	37			945	12	927	29
CWH43(dist=56546),DQ579288(dist=84421),4.0,49120641			82	3						
DCAF10,9.0,37800554	225	132	428	48	339	45	464	18	420	39
MTOR,1.0,11182153	453	216	545	181	424	165	564	91	538	132
PPM1N,19.0,46003172	462	176	631	68	593	75	682	25	605	48
SLC12A5,20.0,44675134	898	53	830	105	833	108	860	85	843	83
PCDHGB7,5.0,140799759	557	35	608	45	530	39			578	6
CRYGA,2.0,209025598	720	177	861	73	860	68	890	27	842	54
SKAP1,17.0,46474081	745	62	884	20			789	14	849	17
ADCK3,1.0,227172929	362	59	422	35	371	4	392	20	352	28
SYNE1,6.0,152576054			599	9			494	107	472	69
RFXAP,13.0,37393759	492	152	623	41	595	60	600	15	535	33
TACO1,17.0,61685288	567	62	647	18			625	9	632	25
ZBTB38,3.0,141161678	395	218	525	75	424	98	468	33	465	73
CLEC10A,17.0,6979316	384	136	499	32	469	72	460	17	424	36
PAH,12.0,103271176	354	104	412	32	334	46	370	11	359	29
ALDH3B2(dist=55292),DQ584669(dist=53587),11.0,67503977	727	174	879	48	772	60	917	29	871	59
LINGO1,15.0,77906417	668	40	677	34	600	20				
SYTL1,1.0,27674011							806	114		
TRIM64C(dist=41659),FOLH1(dist=45864),11.0,49122323	471	266	576	301	521	236	590	226	560	279
CDHR2,5.0,176004514	524	29	572	80	462	64	492	66	498	97
C20orf26,20.0,20055764			786	13					704	76
ST3GAL5,2.0,86071551	542	152	734	54	615	56	666	17	630	40
C20orf85,20.0,56728728	349	303	377	206	296	259	443	143	374	178
LRP1,12.0,57595478	821	138	913	43	899	58	925	20	894	43
DNAH17,17.0,76475122	477	47	621	14			492	8	560	10
EHMT1,9.0,140678599			352	4			346	60	331	52
TTN,2.0,179437355	658	202	870	58	762	84	781	33	818	56
C11orf35,11.0,557481	390	38	460	14			383	7	422	12
PCBP3,21.0,47269975	687	269	736	212	691	243	790	147	791	181
FLNB,3.0,58094170	898	64	924	24	942	10	928	16	900	24
INTS7,1.0,212141254									345	32
SYTL1,1.0,27671910	470	155	686	43	545	53	619	22	627	40
TH,11.0,2188820	453	26	420	64	327	62	329	40	383	52
TACC3,4.0,1739098	695	183	817	53	729	89	867	27	754	49
COL28A1,7.0,7421098							625	98		
NFRKB,11.0,129754094	541	26	662	16					588	7
KIAA0182,16.0,85667614	842	86	878	37			919	14	916	28
RPS25,11.0,118886724	308	109	348	84	237	70	363	67	377	75
OR5AS1,11.0,55797941	884	80	938	26					946	21
CLIP1,12.0,122757538	450	29			419	7				
TFAP2A,6.0,10419722	699	254	785	169	762	182	839	107	799	152
ARHGAP44,17.0,12862044	593	235	895	71	746	98	883	31	864	74
ODZ1,X,123515115									555	38
FNIP1,RAPGEF6,5.0,130982931	572	308	575	268	575	283	612	249	612	292
CSMD1,8.0,2836354	387	35	419	97	371	65	467	65	429	57
YWHAE,17.0,1265243	208	64	232	22	226	15	264	8	227	15
EPC2,2.0,149511471	602	367	612	309	644	295	655	273	621	328
COBL,7.0,51096360	861	57	899	24			924	13	909	15
COL9A2,1.0,40775952	577	275	641	256	510	200	601	288	526	321
RHOF,12.0,122217461	786	83	749	33			623	11	717	27
COL19A1,6.0,70642779	372	221	629	83	454	96	516	36	502	55
MYO9A,15.0,72313310	627	198	898	58	816	81	820	41	813	70
LYN,8.0,56863225	738	231	903	62	860	108	926	43	905	55
GBP3,1.0,89477678	488	37			485	17				
DDX12P,12.0,9590160	740	141	772	49	794	58	809	33	787	44
ARHGEF10,8.0,1851458	718	56	800	144	749	131	806	103	779	116
COMMD10,5.0,115423267	667	56	738	19			727	12	726	24
MYPOP,19.0,46393997			463	5					418	60
MIR3146,7.0,19744994	308	99	396	31	316	33	363	12	384	20
TACC3,4.0,1737503	535	180	786	72	567	70	660	40	698	66
PARP1,1.0,226549303	729	201	887	70	825	76	885	38	885	63
FAM65A,16.0,67579400	654	180	808	53	669	56	765	24	777	39
EBF1,5.0,158223401	744	195	892	56	861	73	908	40	870	60
CHD2,15.0,93527659									366	30
GPR98,5.0,90151661	663	164	868	53	696	63	810	29	816	59
OR5B12,11.0,58206745	414	17							388	8
WDFY4,10.0,49951427	553	149	708	44	601	73	680	21	648	52
GPR3,1.0,27721133	739	202	884	66	853	82	894	36	881	54
ADRB2,5.0,148206477	719	189	854	52	824	106	897	32	859	60
WSCD2,12.0,108626505	160	66	212	15	191	24	175	14	195	13
AB231705,11.0,111326528	493	268	481	274	477	261	477	219	504	262
LOC727924,abParts,15.0,22319169	813	151	849	116	810	152	873	98	854	109
C12orf65,12.0,123741391	356	30							295	6
SLK,10.0,105761354	600	164	686	65	627	94	644	24	653	46
ALG5,13.0,37559740	699	47	698	67	633	63			754	10
SECISBP2L,15.0,49320726	908	40	824	140	780	140	830	105	845	96
HSP90AA1,14.0,102550385	396	31	487	34	390	18				
NCDN,1.0,36032436	617	183	867	58	713	59	872	26	786	75
HEATR1,1.0,236729079	781	26	807	75	651	50	646	36	714	54
ITPR1,3.0,4829821	500	442	833	124	762	196	881	81	826	140
GLRA1,5.0,151235941	416	115	574	42	446	77	526	22	510	52
EIF2S1,14.0,67849995	211	164	330	147	236	135	348	86	301	101
LRRC7,1.0,70144007			550	8					448	35
SLC7A13,8.0,87226736	610	65	619	28			525	6	541	6
NUMB,14.0,73753860	492	33							578	10
PAX3,2.0,223086081	488	142	588	52	482	62	562	28	603	42
ALDH3B2(dist=55299),DQ584669(dist=53580),11.0,67503984	729	182	898	51	785	60	938	27	890	57
NRXN2,11.0,64418161	150	9	161	34	122	25	153	19	138	22
CXCL2,4.0,74963524	231	266	340	229	294	203	335	191	358	140
PARM1,4.0,75858378	276	34	361	43	312	27			366	9
CATSPER3,5.0,134332103	762	202	912	52	894	69	928	35	924	47
OXA1L,14.0,23239431							677	138		
SEMA6C,1.0,151110650	370	84	441	28	404	26	405	12	407	20
C20orf173,20.0,34117241	263	71	261	85	220	59	214	91	249	63
ZNF70,22.0,24086377	412	46	484	19			475	7	437	20
DOCK3,3.0,51374152									895	87
AK311558(dist=181904),STMN4(dist=187150),8.0,26906664	208	186	337	210	249	163	332	187	331	185
RHPN1,8.0,144458783	553	126	646	41	558	42	744	23	619	36
P2RX2,12.0,133197668	755	56	632	156	566	126	532	122	614	123
FRMD3,9.0,85914178	270	127	402	36	322	51	497	22	413	31
GABRA5,GABRB3,15.0,27160054	757	203	902	55	823	104	928	38	848	63
P2RY14,3.0,150931349							842	116	894	75
SUGT1,13.0,53226971			927	12			767	137	842	90
NDN,15.0,23931591	267	201	354	150	289	181	298	123	298	152
C14orf166B,14.0,77323871									561	23
PYGM,11.0,64514876	364	86	504	46	407	34	457	19	455	29
PDHX,11.0,35006287	519	275	554	242	495	221	521	203	550	259
MUTED,6.0,8054537	778	184	919	49	897	64	935	27	916	48
DYNC2H1,11.0,103033795							773	117	808	73
PTPN7,1.0,202128510	688	37	660	77	616	39			648	9
MIOX,22.0,50925785	312	11	323	14	259	4				
TRNA_Glu(dist=39940),MIR548I1(dist=56059),3.0,125453188									796	56
AKR1A1,1.0,46034731	884	33			902	25				
ZNF492,19.0,22817197	873	89	942	23			937	17	934	27
RAB39B,X,154493444			269	16					211	41
MBOAT7,19.0,54678134	322	187	538	79	476	68	678	24	610	52
FLT4,5.0,180045795			890	13					832	95
CD58,1.0,117087180	567	233	639	196	528	188	672	132	628	143
MORC3,21.0,37732263	458	148	689	45	582	63	598	23	647	45
IGF2,11.0,2154205	589	278	679	193	573	225	667	130	680	177
MACROD2,20.0,14527967	476	23	325	29	342	9				
PWP2,21.0,45539434	676	158	825	57	753	77	778	33	812	54
OSBPL5,11.0,3114754	741	218	886	61	826	86	921	35	884	61
FAM184A,6.0,119345715							595	147		
GRIK4,11.0,120827678	500	15	600	49	462	32	488	39	475	30
NOVA1,14.0,26917425							868	89		
KIAA0825,5.0,93800566			782	9					696	65
KIAA0825,5.0,93800567			781	9					690	60
MDM1,12.0,68720937	794	197	768	215	758	227	793	193	842	144
RBM39,20.0,34312641	920	48	921	28					899	33
BRWD3,X,79936935									313	23
EPS15,1.0,51829486	735	65	831	27			760	9	785	17
ADAMTS18,16.0,77325339	870	76	923	32			932	11	933	21
NONE(dist=NONE),ANKRD26P1(dist=103112),16.0,46400137							387	5		
TAMM41(dist=61579),DQ583118(dist=2252),3.0,11949931	368	96	461	33	466	40	463	10	535	25
NCK1;NCK1,3.0,136665137	716	47	694	85	646	37			751	8
UNC5D,8.0,35579018	299	289	540	252	432	227	557	231	490	254
ASPDH,19.0,51015571	421	69	484	39			511	14	517	25
OGFOD1,16.0,56509401	387	25	418	41	417	35			413	5
CWH43(dist=45395),DQ579288(dist=95572),4.0,49109490									831	9
KIF24,9.0,34257346	522	72	631	19	539	7	678	10	635	19
CACNA2D1,7.0,81662271			521	6			430	48	431	46
FAM184A,6.0,119345811							740	182		
PDE6C,10.0,95418709							748	52		
NBN,8.0,90965854	426	89	479	30	406	25	385	15	398	26
DDX21,10.0,70720033	381	198	438	204	380	184	392	170	396	173
ZC3HAV1,7.0,138738257	706	54	761	148	679	132	772	102	728	115
LRP5,11.0,68174120	710	208	854	65	874	62	879	36	874	71
ITPR3,6.0,33651114							845	98		
SLC22A10(dist=50817),SLC22A9(dist=7198),11.0,63130063	96	22	136	9	114	10			138	5
LRRC66,4.0,52860997	860	51							866	24
RNF144B,6.0,18465225	760	192	903	54	869	68	917	18	903	35
PRMT7,16.0,68349877			594	7					509	45
ZNF434,16.0,3434944	343	114	497	32	430	60	487	17	400	28
DHDDS,1.0,26759541	723	203	769	213	781	183	767	197	791	175
SLC9A11,1.0,173486791	878	77	906	34			923	16	897	20
FKBP6(dist=44501),FZD9(dist=30967),7.0,72817142	817	150	915	56	906	68	901	32	923	45
DGUOK,2.0,74154050							479	94		
Mir_548(dist=15230),AK094352(dist=11006),15.0,93844780	772	32	912	56	780	32				
IL1R2,2.0,102632254	642	323	667	301	621	258	691	259	705	250
ZNF443,19.0,12542342	283	173	535	78	427	59	565	26	549	40
C1orf65,1.0,223567790	348	133	430	123	356	120	368	57	400	78
MDM1,12.0,68725042	899	52	955	21	949	23				
MDM1,12.0,68725046	886	56	954	23	942	27	966	10	957	10
ACD,16.0,67693595	854	59	904	30			869	12	896	26
EFR3B,2.0,25353547	653	229	875	59	868	68	907	34	911	52
AAK1,2.0,69693317	750	208	893	59	858	110	929	32	900	65
RERGL,12.0,18237489	647	320	839	105	759	137	859	55	855	100
abParts,2.0,89197004	660	58	743	28			654	11	677	22
MTFP1,SEC14L2,22.0,30818263	735	221	830	75	859	88	914	35	897	53
ITCH,20.0,33027930	482	238	784	82	589	122	640	35	621	76
CHRNG,2.0,233407770	746	197	887	58	872	70	924	31	890	62
PCDH15,10.0,55566594	709	34	760	36	665	27				
PLCG2,16.0,81946350							503	31		
CD300C,17.0,72540952	615	172	777	44	625	59	752	29	723	73
MALAT1,11.0,65266600	333	36	341	5					297	4
LOC100505876,2.0,37428248	379	185	502	144	432	177	480	93	490	108
ARID1A,1.0,27100093	591	183	773	51	637	78	778	21	746	45
ECE1,1.0,21616698	633	70	737	25					748	21
CSF2RB,22.0,37335203	692	200	834	65	807	95	859	33	838	55
FAM76B,11.0,95522632	370	211	408	201	360	187	382	168	446	179
TMC7,16.0,19058559	427	102	555	38	539	43	565	17	538	35
NOTCH3,19.0,15272004	254	16	309	52	214	47	270	47	256	42
LOC727924,abParts,15.0,22333343							794	70	845	39
ABO,9.0,136136872	179	105	290	19	266	49	357	16	328	32
TRIM17,1.0,228596267	817	74	867	82	740	58			775	12
AF113016,MALAT1,11.0,65268307	587	178	678	42	601	88	657	35	695	43
TRIM67,1.0,231298980	72	37	128	16	75	39	59	23	63	16
GRK7,3.0,141497514	382	17	373	20	351	9				
FAM100B,17.0,74266303	890	53	780	133	736	117	786	116	797	131
LMAN2L,2.0,97403752	572	162	740	50	676	67	708	20	697	41
NEDD1,12.0,97306590	717	47							679	17
SCAPER,15.0,77097029	396	117	526	40	466	37	415	20	524	32
EMBP1(dist=165004),NONE(dist=NONE),1.0,121478690	669	17	679	9			676	13		
SSBP4,19.0,18542726	742	90	876	20	739	31	789	13	841	25
FAM178A,10.0,102684149	557	36	602	15			559	11	559	12
TSHZ2,20.0,52105502	816	123	919	47	914	35	946	23	896	42
GAP43,3.0,115342663	454	453	604	239	569	298	716	182	673	250
AGPAT4,6.0,161570129	267	209	529	57	377	109	534	35	466	50
ZC3H11A,1.0,203819610	760	208	904	69	865	101	933	39	901	64
C3orf24,FANCD2,3.0,10130085	538	146	726	45	610	48	608	19	668	41
ABCA12,2.0,216003084	747	54	748	133	730	115	778	96	706	107
SLC14A2,18.0,43249470									450	7
GNL1,6.0,30520789	627	289	695	258	687	240	724	184	717	220
MACC1,7.0,20193845	702	247	894	69	877	99	917	39	879	71
SHANK3,22.0,51142432	541	22	503	20	452	15				
NONE(dist=NONE),SPRY3(dist=195160),Y,58905297	50	6	56	6	27	4				
GRIN3A,9.0,104499611							804	73		
DDI2,RSC1A1,1.0,15982997	762	90	830	35			841	14	876	24
CHST15,10.0,125801968	522	170	744	72	670	78	747	28	744	50
ST6GAL2(dist=53901),LOC729121(dist=882056),2.0,107557464	632	129	824	66			884	28	825	49
MSH5,MSH5-SAPCD1,SAPCD1,6.0,31729444	742	59	914	24			805	11	838	17
DCC,18.0,51025761	703	173	700	262	668	266	705	247	702	258
MRDS1,OFCC1,6.0,9750420	668	187	927	45	810	55	884	24	805	59
MGST1(dist=35504),LMO3(dist=148458),12.0,16552848	449	375	474	276	438	275	443	201	509	238
TANC1,2.0,160087210	451	30	525	21			498	8	494	8
MTMR3,22.0,30415660	700	228	863	60	792	110	861	37	818	91
CTNNB1,3.0,41266113	635	52	659	23					622	15
RNF41,12.0,56606773			959	16			812	143	854	124
DLK1,14.0,101200856	394	245	666	70	477	74	592	33	592	66
RAD23A,19.0,13060178	210	128	320	58	235	56	365	23	387	35
DCTN2,12.0,57940048	673	265	858	105	831	123	905	49	878	87
MCRS1,12.0,49953285									531	20
POU2F3,11.0,120111058			628	7					524	51
SLC7A14,3.0,170184934	912	49	812	114	791	128	844	114	827	102
OR8K1,11.0,56113521	459	159	482	154	437	179	572	94	539	133
SLC26A3,7.0,107432487			239	5			192	36	192	26
CAMK2A,5.0,149624805	386	146	498	38	435	52	468	13	452	56
KAT7,17.0,47875761	732	207	877	52	795	91	898	24	845	76
ULK3,15.0,75131503	742	25	754	40	633	32			734	8
CD99,X,2609795	904	34	902	52	908	34				
ZNF560,19.0,9579749	103	126	189	166	122	178	169	194	180	169
KRTAP24-1,21.0,31654915	319	147	501	48	424	60	670	24	564	46
C14orf118,14.0,76620831			553	9			437	92	504	58
SEMA5A,5.0,9051913	483	274	558	249	466	225	494	235	542	238
USP33(dist=14901),FAM73A(dist=4871),1.0,78240438	367	103	443	39	373	26	415	19	444	23
TTN,2.0,179479461	665	48	666	68	607	48				
DUSP5,10.0,112269884	631	25	655	74	542	104	630	71	609	66
ALB,4.0,74279210			790	10			778	123	697	79
ATAD2B,2.0,23985201	655	64	772	29			749	8	746	26
AK001975,MBD5,2.0,149227488									914	68
UBE2E1,3.0,23848773	395	27	446	47	357	43	396	4	432	9
ARHGEF11,1.0,156915948	621	44	663	24					593	12
MDM1,12.0,68720649	778	182	754	198	759	209	805	153	820	148
NONE(dist=NONE),ROCK1(dist=17424),18.0,18512279	954	18					960	10	956	11
AX747630,17.0,7960815	436	131	572	42	471	61	563	17	520	42
IPPK,9.0,95432136	162	94	295	30	240	32	327	11	337	24
EIF2B4,2.0,27592642	503	114	585	55	485	50	524	23	551	37
CTAGE7P,10.0,131904818	348	93	410	29	354	47	424	16	342	23
PURG,8.0,30889901	219	207	344	207	271	182	389	174	346	197
GCLC,6.0,53379167	510	36	546	60	435	60	494	51	449	52
