gene_id	12	12	14	14	15	15	16	16	17	17
GANC,15.0,42635417	154	65	243	23	220	21	150	6	289	26
NEB,2.0,152580748							120	11		
OR6B2,2.0,240969076	190	63	206	14	195	32	181	7	304	37
KIAA0947,5.0,5460794	748	200	825	41	815	84	699	20	892	65
RBM10;RBM10,X,47041724									167	12
ABLIM1,10.0,116245167			390	6					446	38
FBXO39,17.0,6683637	272	15					207	3	355	4
SYT9,11.0,7437314	229	71	281	16	219	43	182	8	347	32
FPGT-TNNI3K,TNNI3K,1.0,74945964	168	47	182	10	224	35	199	11	309	25
ANO9,11.0,420937	109	46	147	1	151	10	128	1	177	8
RHOA,3.0,49400062	159	48	197	15	167	7	146	4	252	16
MAGI3,1.0,113993398	180	17	105	6	196	2	141	0	225	4
PIK3C2G,12.0,18658284	338	8	265	16	239	8				
TMEM82,1.0,16073471	195	83	230	30	216	33	157	12	275	25
HLA-A,6.0,29912647	133	42	172	3	170	27	164	4	209	23
CLCN7,16.0,1524215	153	95	135	71	173	63	173	66	242	132
TTC31,2.0,74717585	285	27	232	9					389	9
ST3GAL3,1.0,44316938	54	21	60	4	48	16	55	3	97	13
MDM1,12.0,68721165	737	226	734	225	755	215	763	196	793	175
PCDHGA8,5.0,140774586	203	85	274	56	238	100	252	56	375	117
CYP2A13,19.0,41601819	375	142	478	45	505	91	397	15	736	67
SPG7,16.0,89614406	303	74	351	23	318	35	306	7	468	34
BATF3,1.0,212860352	163	45	170	7	181	17	164	9	276	18
STAC3,12.0,57638091	580	76	443	21	549	27	512	19	802	49
LZTFL1,3.0,45874469	497	21	439	45	397	26				
COL4A4,2.0,227964394							127	8		
PHACTR1,6.0,13053887	73	13	74	8	113	14	105	5	132	13
PTK2,8.0,141716378			149	3			83	25	157	8
LRP6,12.0,12419592	327	131	205	101	250	71	196	81	310	162
HIVEP2,6.0,143094712	161	78	240	33	216	28	186	6	334	38
ZMIZ2,7.0,44804677	250	14	257	10	208	18				
PABPC1L,20.0,43567321	152	92	187	37	190	51	135	11	257	35
PDCD4,10.0,112650285	75	27	53	26	47	31	54	15	101	41
LOC646329,7.0,130562165	86	23	103	13	130	10	119	3	183	14
KCNN1,19.0,18100671	129	19	104	12	93	14			233	2
FBXL17,5.0,107716989	102	8							131	4
TRIP13(dist=61518),LOC100506688(dist=8743),5.0,979682									154	11
CILP,15.0,65490344	523	136	528	60	576	70	431	23	758	49
ADAD1,4.0,123336551	188	38	177	6	199	2	159	4	271	9
LOC401397(dist=332829),PPP1R3A(dist=425416),7.0,113091466	289	88	389	34	342	5	346	12	547	33
RERE,1.0,8424671	149	38	180	3	150	25	127	4	231	21
PPP4R4,14.0,94699917	71	24	104	14	66	19	81	1	127	8
SFI1,22.0,32000209	66	24	64	5	81	5	66	4	96	10
RGS11,16.0,322366	318	135	274	137	273	136	244	85	376	195
OR4B1,11.0,48239189	690	68	630	25					832	31
TNFRSF13B,17.0,16843005	111	13	99	4			105	1	162	5
MYOM1,18.0,3119943	43	23	63	5	68	4	76	1	105	13
ITGA8,10.0,15639284	316	90	371	31	378	26	264	5	468	32
PXDN,2.0,1653354			345	6					547	45
SLC45A1,1.0,8403716	156	26	136	6			85	2	201	14
BAIAP2,17.0,79027399	68	51	69	27	59	46	66	26	100	50
TFAP2C,20.0,55212757	151	78	151	41	118	22	114	6	179	33
TMEM62,15.0,43473458	84	18	100	2	68	5	39	0	90	7
NRXN3,14.0,78993145	193	18	147	31	157	34	139	20	228	49
YY1,14.0,100728720	74	3	67	1	72	0	63	2		
LRRC40,1.0,70671009	107	25	117	9	165	22	107	6	203	12
LOC654433,2.0,114000257	154	46	132	8	197	19	168	4	239	17
TBX4,17.0,59533927	111	6	58	6	87	3				
SEMA4B,15.0,90765014							108	17	243	0
PADI2,1.0,17409081	181	11			203	8				
PHACTR1,6.0,13205914	56	51	49	76	68	41	46	43	80	76
LILRB5,19.0,54757994	67	6	31	23	65	19	72	15	125	20
TACC2,10.0,123809859			98	0					133	7
DOCK3,3.0,51374229			315	4			258	18	378	27
RSL1D1,16.0,11931853	192	32	224	9	196	26	185	4	236	23
MRGPRX1(dist=21849),MRGPRX2(dist=97605),11.0,18978398	176	40	178	18	203	33	167	7	272	14
GCDH,19.0,13008539	232	23			246	9				
DNAH11,7.0,21904161			236	5					302	30
SLC13A3,20.0,45195270							86	15		
GLI3(dist=559854),C7orf25(dist=112400),7.0,42836472	95	26	124	6	79	12	54	4	110	15
KAT6A,8.0,41814706	121	51	159	29	176	34	148	15	253	40
DIAPH3,13.0,60616981	166	3	186	12	126	5				
USH2A,1.0,216375120	83	21	86	4	89	9	95	3	144	8
UBE3A,15.0,25652207	146	36	191	9	169	5	132	3	185	20
MDM1,12.0,68720634	755	90	774	70	771	93	725	75	824	71
SFXN2,10.0,104486461	254	10	249	21	269	7				
EXOG,3.0,38537851	100	38	127	5	130	13	118	1	181	12
COLQ,3.0,15495287			108	1			114	19	139	21
PHF20L1,8.0,133816342	79	29	58	12	52	20	62	21	64	51
CATSPER3,5.0,134332076	216	53	229	20	223	26	274	3	365	27
VNN1,6.0,133013674									405	26
TARSL2,15.0,102264591	97	25	90	6	112	9	105	2	128	8
ZNF730(dist=72477),ZNF724P(dist=1367),19.0,23405240	365	35	266	64	326	74	227	44	474	62
PLXNA2,1.0,208390654	270	190	217	151	248	150	223	129	406	198
PARP8,5.0,50092978	137	15	134	15	95	7			159	5
C9orf24,9.0,34381418									361	20
UNC80,2.0,210860304									255	21
EPG5,18.0,43447765	70	71	86	52	77	62	117	22	166	72
MLL4,19.0,36227608	297	52	324	12	279	26			462	16
TECPR1,7.0,97858409							126	18		
NEURL4,17.0,7227297							223	40	313	23
ACTN2,1.0,236908074	149	70	167	84	145	79	100	36	181	119
COG3,13.0,46050325	210	15							295	3
ABTB1,3.0,127396479	220	42	208	22	195	11	173	2	265	14
TUBGCP2,10.0,135102615	100	50	55	40	79	57	65	36	132	45
UPP1(dist=34946),ABCA13(dist=27781),7.0,48183276	70	21	87	4	87	6	76	6	122	10
MUC19(dist=105815),MUC19(dist=20002),12.0,40918850	222	81	217	16	144	14	101	6	206	21
STK11,19.0,1220487	76	133	85	102	109	104	86	105	127	185
MYC,8.0,128752989	522	207	402	168	447	181	389	141	575	259
NAV2,11.0,20071287	173	35	205	11	258	22	217	3	373	22
LOC93432,7.0,141840828	247	18	298	19	256	9				
AFF3,2.0,100453953	385	31	325	19			301	1	511	12
CUBN,10.0,16956028	149	4	108	18	101	31	92	4	155	25
DDX4,5.0,55086393	229	14	232	7					263	13
MYH13,17.0,10222569	145	42			113	17	97	5	164	12
EXOC6B,2.0,72742144	209	11			226	7				
FAM83C,20.0,33875715	463	98	433	25	501	46	457	12	765	31
NBR1,17.0,41355621	193	19	158	10			143	4	199	6
PRKD1,14.0,30100050			254	8			166	28	288	33
ABCA2,9.0,139907206	126	12	153	3			158	2	291	4
IFT172,2.0,27683954	326	126	349	83	303	114	298	45	576	125
SLC5A4,22.0,32650090	412	27	264	33	330	38				
PCDHGB4,5.0,140768340	483	29	409	45	377	17				
UNC5D,8.0,35584005	372	152	514	47	474	81	580	28	737	71
PPFIA4,1.0,203004444	124	17	110	14	101	11	92	7	143	12
PTPN6,12.0,7060610	104	9	65	8	91	10	54	4	130	18
FAM13A,4.0,89711945	120	40	125	8	127	18	128	0	168	17
AS3MT,10.0,104636646	193	84	184	28	172	26	141	1	247	12
CELSR3,3.0,48698427	355	34	235	29	325	29				
PIGB,15.0,55621992	329	7	280	15	222	11				
MCM3,6.0,52149551	356	79	414	21	392	50	379	9	595	28
POU6F2,7.0,39500243	150	18	138	9			124	2	239	10
TMPRSS6,22.0,37492695	197	15	147	8	160	14	164	0		
ADAD2,AK123582,16.0,84228150							158	12		
KY,3.0,134346900	326	63	288	30	263	20	242	11	411	13
UBASH3B,11.0,122669681			424	5			280	28	536	51
FAT4,4.0,126384790	46	45	56	28	28	33	36	27	68	50
PRKDC,8.0,48812912	888	63	780	26			661	3	903	30
CACNA1C,12.0,2229478			172	2			113	24	197	43
DEFB119,20.0,29978208	176	46	139	9	194	16	147	6	211	18
PCDH7,4.0,31144047	144	6	140	15	131	14			223	5
CELSR1,22.0,46932442	85	59	78	13	72	28	89	8	100	30
GPR182,12.0,57389388							382	44	707	62
C12orf74,12.0,93101030	54	68	48	36	36	41	53	19	53	34
GCN1L1,12.0,120632401	147	63	130	18	177	25	129	6	228	15
GPS2,17.0,7216247	172	15	110	15	117	5				
NLRP5,19.0,56538538	374	212	432	45	453	72	494	22	810	75
PPP4R1L,20.0,56823348	148	18	131	8	171	11	154	1	224	10
CYP2A13,19.0,41594882	57	50	76	30	50	49	36	54	95	77
DOM3Z,6.0,31939206			269	0					344	23
IGH(dist=86906),IGH(dist=11213),16.0,33741298	327	76	412	15	401	24	352	15	517	14
UTP15,5.0,72864527	84	17	73	10	89	5	70	15	122	6
BTNL8(dist=16431),BTNL3(dist=21508),5.0,180394337	112	2	106	7	120	8				
BC046497,2.0,175613292	255	81	249	18	237	26	229	9	398	20
SLC6A5,11.0,20652285			204	1			146	14	282	29
BAIAP2L2,22.0,38504273	99	20	83	1			109	1	200	1
OR7A17,19.0,14991732	397	27			403	7				
PSG5,PSG6,19.0,43682622	75	19	54	20	45	22	62	5	99	11
STOX2,4.0,184930868	286	30	277	21			246	2	395	7
DPYSL3,5.0,146785219	195	42	194	17	204	27	218	7	317	25
ZNF827,4.0,146823727			187	0			147	25	258	26
CSMD3,8.0,113694797	162	1	131	18	105	13	89	19	149	21
C13orf27,13.0,103418947	141	14	143	9					219	12
FOPNL,16.0,15973676			124	1			71	5	133	15
CDH12,5.0,21842376	143	53	160	12	173	21	165	5	241	14
FAM19A2,12.0,62261298	35	112	23	63	38	71	34	39	51	82
PALM3,19.0,14168126	64	44	76	33	89	39	85	16	162	33
ESYT1,12.0,56527757	284	42	240	15	219	17	170	0	297	10
RFXAP,13.0,37393834	200	33	212	13	236	26	208	8	324	15
SLC45A2,5.0,33969036	171	70	156	95	160	67	165	85	237	131
ADAMTS12,5.0,33649125	240	17	218	4	252	0	209	1	346	6
GCAT,22.0,38212628	312	25	254	20	214	29			385	3
LOC388499,19.0,7944326	124	14	90	11	134	5				
MTA3,2.0,42873793									94	6
GGA3,17.0,73233545	117	25	135	5	124	10	103	4	180	10
CALCOCO1,12.0,54107998							113	11		
LOXHD1,18.0,44198067	115	70	173	46	135	58	138	27	223	63
CPT2,1.0,53676291	272	34	267	7			254	2	416	13
INPPL1,11.0,71945413	275	84	324	17	263	36	229	12	378	31
ATP2A1,16.0,28915578	240	38	226	13	258	19	253	12	398	16
C3orf15,3.0,119462951			221	1					272	15
MAP1B,5.0,71491660							292	42		
KIAA0319L,1.0,35916001	86	21	73	11	80	10	70	4	86	18
CDC42BPB,14.0,103449934							443	104		
TRPM7(uc001zyt.4:exon3:c.4-1G>A,uc010bew.2:exon3:c.4-1G>A),15.0,50955244	174	100	151	77	138	72	76	48	202	103
RYR2,1.0,237666601	244	162	257	163	200	136	214	95	329	160
ITGA9,3.0,37818936	135	41	222	5	186	5	130	5	234	10
SYT7,11.0,61318791	154	48	136	8	208	9	150	5	279	23
SMARCC1,3.0,47823428			122	1			107	19	138	14
PPOX,1.0,161138141	103	27	110	8	110	11	88	5	150	10
ECM2,9.0,95298340	45	33	72	6	64	15	93	3	130	13
DLK1,14.0,101200846	181	98	213	26	275	38	274	15	427	29
PPP2R1B,11.0,111636550	407	109	446	26	570	38	430	18	656	30
CYP20A1(dist=9929),ABI2(dist=12511),2.0,204180492	98	33	141	9	119	10	96	7	199	10
KEAP1,19.0,10610159	84	146	117	131	116	95	109	121	139	198
DDHD1,14.0,53558615	199	8	183	14	140	6				
ITM2C,2.0,231741602	590	343	575	290	652	276	544	232	609	321
CDHR4,3.0,49836716	87	67	156	26	151	29	111	10	157	39
FAM187A,17.0,42981278	218	17	217	20	194	12			305	9
NEDD9,6.0,11192682	361	74	337	24	340	26	308	10	506	28
FRG1B,20.0,29630636	668	120	773	35	771	60	610	17	786	45
SCUBE1,22.0,43634897	78	29	85	9	96	5	87	2	112	15
HAUS7,X,152720548	144	10							245	3
GKAP1,9.0,86357558	49	27	55	21	53	32	60	22	104	24
NTM,11.0,131240712	387	133	474	40	497	51	455	16	769	71
ABHD15,17.0,27893336	241	28	208	12	281	3	221	2	324	11
KANK1,9.0,711937	53	54	107	16	87	14	141	3	181	14
FASN,17.0,80047034			310	3			246	24	388	51
HEATR5B,2.0,37295854	187	42	156	15	146	11	117	3	191	7
HOXA9,7.0,27204970	168	99	146	82	166	109	142	54	220	112
C17orf80,17.0,71238436	281	153	282	126	248	100	257	72	383	136
C10orf120,10.0,124457734	257	210	279	123	242	112	233	117	366	172
PABPC1L,20.0,43561554	131	101	146	73	155	123	137	68	199	132
TMTC2,12.0,83290295	370	129	319	29	351	40	325	13	527	38
ZNF227,19.0,44732767	138	45	172	17	193	16	136	2	239	17
ABCF3,3.0,183910700	136	8			80	1				
ZNF23,16.0,71482247	414	26			401	11				
LY6G5C,6.0,31644771	233	14	256	12	276	6				
SLIT2,4.0,20555910	314	18			297	9				
KDM2B,12.0,121868343	88	38	50	6	64	5	56	2	84	11
ANO9,11.0,421054	83	30	88	5	87	8	83	2	121	12
KIF2B,17.0,51901851	214	109	208	108	189	93	169	79	285	133
SLC35E3,12.0,69141713	272	36	264	56	272	49	168	22	391	52
MDM1,12.0,68720322	372	95	319	86	315	124	245	59	541	98
LPHN3,4.0,62758470	370	133	485	37	411	47	375	11	649	62
COL22A1,8.0,139890488	196	41	149	12	261	19	228	5	276	19
CCT4,2.0,62099654	280	66	283	23	283	26	235	14	462	36
TPK1,7.0,144228119	118	17	174	5			115	5	195	4
PDZRN3,3.0,73432921	671	97	536	161	607	171	463	147	664	230
TMEM108,3.0,133098622	344	23	271	10					398	8
LRP5,11.0,68174101	245	71	253	13	246	41	217	14	402	30
TGFB2(dist=80887),U3(dist=16184),1.0,218698848	249	164	245	148	201	141	175	75	307	197
CLU,8.0,27462668	281	34	292	34	298	12			436	5
MST1P9,1.0,17085043	696	57	591	50	620	64	529	24	809	47
LIN9,1.0,226497275	510	138	535	37	766	69	539	16	837	60
KLHDC9,1.0,161068451	299	73	358	20	342	36	284	12	434	28
GCC2,2.0,109092238	146	55	186	10	124	20	140	9	210	35
MASTL,10.0,27459657							287	37		
CHST3,10.0,73767675	57	57	64	38	70	49	70	34	95	64
AK001975,MBD5,2.0,149227563			256	2					423	40
AX747757,16.0,17432036	253	68	287	20	339	20	287	10	431	28
HTT,4.0,3240353	288	21			248	10				
CLIP1,12.0,122848452	73	82	94	32	87	29	88	16	115	27
IQSEC2,X,53280045	127	10	108	13	167	11				
NAT6,3.0,50334462	255	25	212	7			204	5	378	5
POLR3A,10.0,79762009	122	12	130	19	102	12			187	8
SLC22A10(dist=50571),SLC22A9(dist=7444),11.0,63129817	207	61	202	22	257	21	265	0	387	15
LOC283585,14.0,87379792	57	8	84	6	81	2	78	16	105	20
SLC5A12,11.0,26742964	266	12	249	37	286	38	166	28	360	48
ZKSCAN4,6.0,28215038	146	135	129	135	134	131	110	75	143	147
SLC4A10,2.0,162758551	288	170	250	143	250	100	207	64	323	170
GCAT,22.0,38212629	307	24	255	20	213	26			383	3
BCL6B,17.0,6929818	192	78	188	35	183	70	153	39	240	47
SNORD114-19,14.0,101442837	93	76	121	95	119	79	155	52	172	119
PRIM1,12.0,57125497	92	9	118	0			81	0	107	1
LGALS9(dist=5145),DQ586005(dist=12573),17.0,25981731	219	16			235	6				
CAPNS1,19.0,36637023							264	29		
SYTL4,X,99931069	80	14	84	2			74	2	129	10
UBL7,15.0,74742232	245	90	260	23	259	50	228	9	347	29
abParts,22.0,22730743	330	170	256	111	233	120	233	92	340	167
HBM,16.0,216303							158	14		
MALAT1,11.0,65266749	215	11	181	10						
KRTAP7-1,21.0,32201865	255	44	250	47	257	65	209	77	329	130
VSTM4,10.0,50311781	176	37	169	8	182	12	155	1	246	22
ESPNP,1.0,17033879	214	16	231	8			213	1	305	7
TRPM1,15.0,31294659	552	122	600	34	586	61	555	10	775	58
KIF24,9.0,34257036	116	18	112	10			159	3	225	9
POLR1A,2.0,86259427	653	137	618	43	604	80	601	19	869	52
ADSL,22.0,40749010	161	10	128	2	89	11				
COL1A1,17.0,48265913									242	24
DNM3,1.0,172100439	497	104	497	21	442	22	350	16	622	25
AAK1,2.0,69693533	271	65	301	11	268	31	306	8	405	28
COL6A5,3.0,130107455	139	15	112	2			99	0	151	3
RARA,17.0,38524354	196	52	247	10	181	17	194	10	355	21
TMEM161B,5.0,87536803	186	68	157	48	163	41	143	34	233	63
C20orf194,20.0,3305591	363	85	278	11	266	26	262	8	386	31
CCDC9,19.0,47768106							115	7		
KIAA0355,19.0,34818854	443	34	408	69	491	60	331	37	662	65
CYTH4,22.0,37709588	184	65	156	11	193	22	158	17	278	29
SLC11A1,2.0,219247713	152	39	163	14	179	33	175	10	246	15
HSPG2,1.0,22199815	150	78	151	63	155	61	91	60	152	72
AB231729,AB231731,11.0,59996058							227	43	526	1
NEDD4,15.0,56122830	104	25	100	23	96	13	90	4	141	12
RPS10,RPS10-NUDT3,6.0,34393031	233	16	214	13	228	10			330	3
BARD1,2.0,215609794	116	40	126	12	131	7	133	8	173	10
SPO11,20.0,55917854	115	29	181	16	148	7	153	4	205	11
PAXIP1,7.0,154760157							113	11	231	1
NSMCE1,16.0,27268697	68	35	43	26	62	21	35	21	92	49
COL4A2,13.0,111156645	154	10	131	8	131	7			166	0
H6PD,1.0,9322099	195	37	201	13	160	12	195	2	250	18
FOXH1,8.0,145701156	61	35	60	9	80	29	66	0	132	18
FAT1,4.0,187549797	63	74	113	45	105	67	99	57	145	55
TRIP13,5.0,915997	203	31	211	16	220	24	202	5	311	12
PLEKHB2,2.0,132110401			103	4			80	6	125	11
TUBGCP6,22.0,50656166	382	33	339	9			310	3	514	22
DHX9,1.0,182845235	477	26	461	14			324	7	527	19
GPR27,3.0,71803821			164	2					195	20
MLL4,19.0,36218546	272	37	299	4	279	30	271	3	399	22
ZNF300,5.0,150276107	242	130	187	94	210	102	187	74	312	137
ACSM1,16.0,20651903			225	2			209	14	307	21
RSAD1,17.0,48562233	205	17	199	9			165	3	330	7
GRINA,8.0,145066668	550	121	496	38	508	38	623	10	781	41
YES1(dist=19918),ADCYAP1(dist=72484),18.0,832460	94	18	121	14	103	10	110	0	178	0
NAA16,13.0,41947820	213	69	195	13	209	20	229	6	294	6
FAT3,11.0,92523178	190	112	175	105	190	93	158	69	231	110
TTC40,10.0,134628170	218	38	176	12	233	38	178	7	352	19
C15orf27,15.0,76449137	239	15	218	20	242	13			389	3
MKI67,10.0,129908689	361	102	395	26	382	59	336	20	619	49
FUS,16.0,31191502	218	118	208	90	180	84	196	67	304	119
XPO7,8.0,21860763	254	29	364	14					452	19
CLDN14,21.0,37858520	289	75	325	21	331	43	297	5	535	38
C7orf57,7.0,48092361	258	23			319	3				
EXD3,9.0,140247165	28	47	21	48	53	41	36	33	66	59
ADAP2,17.0,29281653			110	2					121	8
FAM98C,19.0,38896084	293	59	308	13	320	33	281	7	475	16
ZNF286A,17.0,15604568	328	82	339	22	413	34	381	12	526	29
MCF2L,13.0,113669099	174	90	173	41	144	73	148	39	287	74
SHISA6,17.0,11166758	308	23							409	8
CDC42BPA,1.0,227210993	108	15	92	1			100	3	108	3
AX747879,5.0,179079296	612	63	717	19			525	9	821	25
MBD1,18.0,47807569	610	225	758	78	783	70	828	28	811	71
C7orf44,7.0,43684895	210	80	214	22	209	21	176	11	304	24
NKD2,5.0,1038606	171	33	171	11	177	32	165	3	263	19
GATA5,20.0,61050244	158	26	97	11	143	11	116	5	204	6
OR5T1,11.0,56044036	262	140	242	119	197	99	200	114	297	132
EEF1D,8.0,144663274	77	45	76	27	81	39	84	19	112	40
RBPJL,20.0,43936860	304	31	344	2			254	1	447	13
TRA2A,7.0,23571362							703	110		
SLC25A25,9.0,130863568	71	30	92	8	97	11	99	10	182	15
CINP,14.0,102818698	75	5	102	13	93	0	62	0	103	7
TOB1,17.0,48940580	257	61	272	15	232	21	209	5	350	27
GIMAP4,7.0,150269507	358	146	468	23	413	33	390	12	667	60
FGD4,12.0,32734921			452	2					514	43
ARHGEF37,5.0,149003654							356	57	603	67
C7orf58,7.0,120935634	133	25	137	3			134	3	218	3
ZFP106,15.0,42731487							588	66		
SACS,13.0,23913064	400	31					312	1	485	16
CHD4,12.0,6709832							191	39		
CHRND,2.0,233399134	200	56	193	8	240	17	207	9	306	19
MAP3K3,17.0,61770899	119	15	141	5	159	3	113	4	207	10
THOC6,16.0,3076205	491	21	438	24	468	22				
NHS,X,17750001	80	108	117	64	103	96	89	62	144	99
CSMD1,8.0,2986466							285	23		
MBD5,2.0,149226316			318	1					511	61
FAF1,1.0,51253871	237	44	252	26	256	35	262	8	376	26
EIF3A,10.0,120817745	85	50	67	36	81	31	65	38	111	44
NOP56,20.0,2638620			486	8			288	45	573	65
AK310876(dist=68126),FOXD4L5(dist=349797),9.0,69825910							124	9	199	9
KRBA2,17.0,8273078	269	79	268	16	295	40	268	3	442	35
AKR1B1,7.0,134132293	149	9	206	15	204	12			326	3
ADAM22,7.0,87564445	125	35	136	48	114	33	97	36	156	49
ADCY1,7.0,45717507	725	26	670	41	669	18				
TTLL4,2.0,219610804	80	18	90	10	67	10	52	4	106	8
DNAH2,17.0,7683820	133	12	106	9	112	14				
ACVR2B,3.0,38519143	61	75	97	69	92	73	108	44	131	97
AK309218(dist=564362),CDH4(dist=34142),20.0,59793340	95	21	93	6	135	17	117	7	158	11
LRCH1,13.0,47297288							75	14	166	11
COL21A1,6.0,55924746							118	12	177	21
SRFBP1,5.0,121310999	467	247	449	236	464	251	397	173	647	349
FN1,2.0,216253062	225	78	284	28	232	19	197	9	379	38
FAT2,5.0,150925319							430	74		
PLCL1;PLCL1,2.0,198948482	205	96	213	53	175	51	115	27	209	55
GU228584(dist=48590),LANCL2(dist=105230),7.0,55327911	70	33	76	29	38	35	48	29	37	43
SDHAP1,3.0,195706475	152	2	138	6	133	7			157	0
OPN5,6.0,47791809	344	190	373	155	386	145	335	125	547	233
AKAP8,19.0,15482785	93	11	83	9	112	12	71	11	182	21
ALDH18A1,10.0,97369845									220	15
HKR1,19.0,37825518	200	7	171	11	220	5				
TUB,11.0,8111602	217	88	221	25	235	23	182	16	313	30
CACNA1S,1.0,201054124	71	30	63	15	73	22	55	10	125	43
CHEK2P2,15.0,20488939	629	42	427	6	638	21				
SNRNP200,2.0,96950111	81	23	111	9	60	15	77	1	134	4
UTP20,12.0,101768612	221	220	292	88	247	104	254	32	435	88
LRP8,1.0,53728349			215	1					329	29
FMO6P,1.0,171107750	399	14	381	26	367	23				
TK1,17.0,76171029	231	52	206	19	229	22	171	5	317	23
ASPH,8.0,62566113	56	12	94	10	80	5	54	0	98	3
WDR81,17.0,1634561	196	58	186	22	227	30	176	10	267	32
LRRK2,12.0,40702341	215	28	182	8	252	5	160	6	226	17
C14orf181,14.0,69262922	102	47	115	11	113	20	119	11	154	18
ERCC5,13.0,103498528	93	47	95	33	93	48	63	31	89	51
KIAA0100,17.0,26962323							145	26	329	38
OSBPL8,12.0,76760260	138	39	118	8	120	11	87	5	170	9
MAU2,19.0,19460047	479	216	488	133	440	174	434	78	682	187
RHBDL3,17.0,30632211	62	14	70	8	89	14	83	2	114	12
ANKRD17,4.0,73981595	96	31	124	6	113	17	74	4	164	8
MTR;MTR,1.0,237044056	220	62	235	50	215	52	167	33	295	78
TCHH,1.0,152086458	386	190	386	149	382	191	282	212	481	336
SPN,16.0,29675097	95	44	117	8	132	12	100	3	122	8
APOC4,19.0,45445696	128	6	103	9	135	10	118	4	202	9
CADM3,1.0,159163252	142	72	131	56	131	57	119	78	146	97
NEU3,11.0,74705542	208	65	303	20	304	53	231	13	399	22
CWH43(dist=58915),DQ579288(dist=82052),4.0,49123010	143	1								
SPON1,11.0,14279307	289	71	342	27	277	30	252	13	449	29
ATP2A2,12.0,110778785	219	65	198	25	179	21	156	3	263	20
NPB,17.0,79860338	80	23	55	31	61	12	42	10	85	24
HLA-L,6.0,30231271	138	26	155	10			118	0	177	6
ALB,4.0,74279209			478	8			354	53	675	53
FAM184A,6.0,119345790							103	28		
MLL,11.0,118377181	252	138	274	141	189	99	196	86	263	153
LAX1,1.0,203741124	79	37	150	4	113	11	104	2	143	14
CHRNG,2.0,233407783	491	139	515	29	540	58	449	18	792	37
A2M,12.0,9263884	119	10	73	2					118	8
CH25H,10.0,90966553	432	32	411	21			424	8	621	14
MAGEB18(dist=20809),MAGEB6(dist=30895),X,26179662	52	135	38	96	44	107	45	75	81	128
NCKAP1,2.0,183822272	269	83	302	23	242	31	232	2	397	31
ACSM2A,16.0,20482644	329	24								
HERC1,15.0,63908083	197	40	218	14	153	23	159	10	239	11
KIF5A,12.0,57961317	245	43	230	6	234	18			301	14
AHSP(dist=34847),CSDAP1(dist=4117),16.0,31574971	84	65	69	31	84	42	50	33	131	64
PNPLA1,6.0,36270263	270	14	330	20	315	8				
WFDC5,20.0,43738997	95	12	107	9	108	10			121	3
SYNRG,17.0,35913519	559	40	460	79	438	82	353	62	618	98
UGT1A8,2.0,234526673	495	128	543	57	590	48	582	20	825	56
SULF2(dist=73562),BX648826(dist=96121),20.0,46488922	77	23	98	1	102	11	57	6	137	3
PTK7,6.0,43106789	217	12	191	17	187	10			281	0
USP43,17.0,9549282	189	47	226	23	258	28	192	3	341	31
COPA,1.0,160265731	194	53	230	19	242	17	174	7	315	23
EWSR1,22.0,29684712	108	37	108	13	136	24	110	9	165	21
NPIPL1,16.0,29332396	90	14	108	9	121	9	86	5	160	7
ACAD9,3.0,128631449	288	90	269	29	311	25	275	7	405	21
PPIP5K2,5.0,102522026									342	20
ACIN1,14.0,23549224	62	50	51	39	57	68	57	37	98	87
PARP14,3.0,122399763	270	28	231	8			215	4	317	11
SDAD1,4.0,76878525			168	0					197	18
PIK3R6,17.0,8740269	142	10	151	10	100	6				
PPP2R5C,14.0,102391518	362	17	297	21	302	11			580	5
PHACTR4,1.0,28696400	124	27	98	11	157	24	122	6	191	9
PKD2L1(uc009xwm.1:exon10:c.1398-1G>T,uc001kqx.1:exon10:c.1539-1G>T),10.0,102054413	556	33	529	16	524	25				
DCTPP1,16.0,30440394	456	22	397	91	364	85	310	52	550	93
QRICH2,17.0,74283250			203	3			149	39	279	23
CYP7B1,8.0,65537049	203	73	198	45	156	60	168	16	312	75
PHACTR1,6.0,13053870	105	22	104	8	142	10	110	5	165	11
RCBTB1,13.0,50115060							211	20		
ZNF609,15.0,64967156	440	111	513	30	482	71	420	19	679	56
DQ590126(dist=140078),IGL@(dist=154941),Y,13474696	80	0			71	1				
VWA5B2,3.0,183956813	119	22	77	11	95	11	70	1	135	14
FOXP2,7.0,114269722			169	4			78	13	197	21
DPYS,8.0,105441945	107	20	92	5	103	8	107	2	157	1
MFF,2.0,228207487	305	77	287	23	369	35	280	18	554	45
LDB2,4.0,16504230	109	25	103	8	85	8	96	6	171	11
ZSCAN22,19.0,58850489	448	39	389	37	466	18				
FLT3,13.0,28597539							198	21	351	22
LOC440300,15.0,84860090	131	11	88	1	141	11	75	8	164	7
SLC30A3,2.0,27486182	550	65	544	14			489	7	843	21
PARVB,22.0,44515025									126	9
EPS15L1,19.0,16539496	339	19	233	35	355	55	323	45	523	51
EFCAB5,17.0,28380651	761	206	896	68	886	84	931	30	920	52
FLNB,3.0,58067593	251	24	242	8			239	4	298	6
MYBBP1A,17.0,4458643	105	40	102	13	136	9	111	3	186	10
SRC,20.0,36014830	254	64	272	11	278	19	229	13	383	27
LOC100128554(dist=38238),LOC387895(dist=219678),12.0,126995569	51	59	41	22	61	34	39	7	99	26
TDRD9,14.0,104441688			100	1					153	20
SASH1,6.0,148829977	106	53	135	28	123	25	111	2	260	21
FLJ43860,8.0,142489369	104	29	67	28	104	31	93	25	141	24
RET,10.0,43600624	103	43	102	10	161	12	135	10	212	10
CRIP3,6.0,43275528	191	24	168	25	209	11			300	3
CUZD1,FAM24B-CUZD1,10.0,124594286	224	65	264	11	282	26	223	9	328	32
APC,5.0,112128276	79	28	97	1	79	4	65	3	135	8
HCRT,17.0,40336393	185	77	209	32	238	26	261	7	364	20
OVCH1,12.0,29624866	309	21	282	6			264	0	443	5
CWH43(dist=56546),DQ579288(dist=84421),4.0,49120641			35	1						
DCAF10,9.0,37800554	219	130	262	31	315	41	354	14	544	59
MTOR,1.0,11182153	137	76	140	36	160	59	119	23	252	63
PPM1N,19.0,46003172	102	32	115	5	122	21	100	5	172	11
SLC12A5,20.0,44675134	133	6	80	17	89	12	74	7	97	21
PCDHGB7,5.0,140799759	319	24	277	24	251	11			389	7
CRYGA,2.0,209025598	267	48	274	19	237	26	242	2	367	25
SKAP1,17.0,46474081	354	38	384	11			291	4	516	13
ADCK3,1.0,227172929	125	14	91	10	126	1	88	1	125	16
SYNE1,6.0,152576054			206	4			133	33	225	38
RFXAP,13.0,37393759	285	60	269	21	308	30	294	7	397	17
TACO1,17.0,61685288	113	6	108	2			94	2	189	4
ZBTB38,3.0,141161678	512	323	651	123	623	162	463	28	867	139
CLEC10A,17.0,6979316	351	98	386	27	364	42	333	15	544	48
PAH,12.0,103271176	101	39	104	7	93	10	98	1	128	19
ALDH3B2(dist=55292),DQ584669(dist=53587),11.0,67503977	85	22	92	6	111	5	79	0	172	4
LINGO1,15.0,77906417	243	17	215	4	242	13				
SYTL1,1.0,27674011							93	35		
TRIM64C(dist=41659),FOLH1(dist=45864),11.0,49122323	72	16	48	23	41	18	54	13	81	47
CDHR2,5.0,176004514	226	9	146	13	157	23	173	18	321	40
C20orf26,20.0,20055764			294	1					459	39
ST3GAL5,2.0,86071551	187	40	248	16	214	18	198	9	319	14
C20orf85,20.0,56728728	187	162	172	134	173	117	136	61	247	113
LRP1,12.0,57595478	141	23	132	3	126	13	124	0	133	10
DNAH17,17.0,76475122	657	70	665	14			613	13	1066	24
EHMT1,9.0,140678599			113	0			102	19	169	36
TTN,2.0,179437355	331	83	370	15	338	41	300	15	505	43
C11orf35,11.0,557481	193	28	196	4			208	3	287	6
PCBP3,21.0,47269975	586	186	514	136	511	170	451	95	801	158
FLNB,3.0,58094170	174	15	172	8	180	2	116	2	226	1
INTS7,1.0,212141254									458	42
SYTL1,1.0,27671910	93	19	96	7	106	11	97	3	122	11
TH,11.0,2188820	145	2	112	18	109	32	106	13	148	32
TACC3,4.0,1739098	122	40	117	12	115	19	77	4	207	14
COL28A1,7.0,7421098							110	16		
NFRKB,11.0,129754094	397	22	358	8					569	9
KIAA0182,16.0,85667614	342	25	301	10			323	2	454	13
RPS25,11.0,118886724	169	53	141	39	125	57	123	30	235	37
OR5AS1,11.0,55797941	375	29	393	5					596	17
CLIP1,12.0,122757538	433	28			280	6				
TFAP2A,6.0,10419722	180	63	196	36	218	53	152	18	329	47
ARHGAP44,17.0,12862044	239	51	303	20	224	27	207	7	321	27
ODZ1,X,123515115									134	14
FNIP1,RAPGEF6,5.0,130982931	392	232	398	186	380	172	377	159	546	306
CSMD1,8.0,2836354	263	17	228	54	143	33	182	20	295	56
YWHAE,17.0,1265243	99	55	162	14	112	10	126	4	162	13
EPC2,2.0,149511471	130	69	123	75	130	71	84	31	175	73
COBL,7.0,51096360	459	48	483	13			355	7	677	16
COL9A2,1.0,40775952	210	116	201	91	267	127	166	80	292	159
RHOF,12.0,122217461	261	37	195	15			187	6	296	15
COL19A1,6.0,70642779	54	32	85	11	80	15	72	9	140	18
MYO9A,15.0,72313310	237	61	286	34	281	30	219	7	424	30
LYN,8.0,56863225	521	163	629	39	474	54	472	15	749	58
GBP3,1.0,89477678	230	17			153	4				
DDX12P,12.0,9590160	121	38	127	8	157	8	110	8	233	9
ARHGEF10,8.0,1851458	159	9	161	43	156	25	135	16	189	40
COMMD10,5.0,115423267	361	29	325	6			308	4	522	11
MYPOP,19.0,46393997			154	2					231	15
MIR3146,7.0,19744994	82	21	89	10	78	11	73	5	125	9
TACC3,4.0,1737503	123	23	109	13	143	22	121	1	199	8
PARP1,1.0,226549303	138	41	127	11	173	23	122	6	197	25
FAM65A,16.0,67579400	259	70	250	25	338	35	266	8	444	32
EBF1,5.0,158223401	392	103	433	20	450	43	361	22	712	46
CHD2,15.0,93527659									545	29
GPR98,5.0,90151661	262	58	300	19	252	17	239	5	432	14
OR5B12,11.0,58206745	301	17							351	3
WDFY4,10.0,49951427	244	60	279	19	311	24	260	8	396	27
GPR3,1.0,27721133	556	151	579	43	615	54	565	25	830	64
ADRB2,5.0,148206477	102	15	99	7	91	15	103	4	171	7
WSCD2,12.0,108626505	91	53	112	15	100	10	72	2	161	13
AB231705,11.0,111326528	146	74	127	66	117	65	78	50	128	88
LOC727924,abParts,15.0,22319169	730	157	770	121	741	128	788	65	843	102
C12orf65,12.0,123741391	317	35							372	18
SLK,10.0,105761354	241	53	210	18	209	18	182	18	337	27
ALG5,13.0,37559740	358	23	292	51	272	11			386	6
SECISBP2L,15.0,49320726	342	13	255	25	219	47	248	40	368	56
HSP90AA1,14.0,102550385	194	11	217	16	193	10				
NCDN,1.0,36032436	118	43	142	6	161	13	126	5	249	13
HEATR1,1.0,236729079	141	5	103	6	130	5	93	7	194	19
ITPR1,3.0,4829821	272	236	481	77	392	97	382	29	589	92
GLRA1,5.0,151235941	115	58	181	7	140	25	94	9	222	14
EIF2S1,14.0,67849995	153	98	148	57	115	59	134	33	210	78
LRRC7,1.0,70144007			120	1					134	14
SLC7A13,8.0,87226736	402	27	319	6			214	3	407	12
NUMB,14.0,73753860	412	33							621	8
PAX3,2.0,223086081	236	54	205	16	238	27	196	16	372	18
ALDH3B2(dist=55299),DQ584669(dist=53580),11.0,67503984	90	20	96	6	119	5	81	0	179	4
NRXN2,11.0,64418161	240	22	199	49	191	21	155	21	244	33
CXCL2,4.0,74963524	95	101	98	81	139	85	143	53	192	101
PARM1,4.0,75858378	110	10	95	14	83	7			215	0
CATSPER3,5.0,134332103	191	46	199	20	192	20	247	2	323	22
OXA1L,14.0,23239431							391	118		
SEMA6C,1.0,151110650	208	60	169	18	168	18	143	5	199	12
C20orf173,20.0,34117241	89	28	58	45	81	32	63	29	136	42
ZNF70,22.0,24086377	414	37	334	8			380	6	569	11
DOCK3,3.0,51374152									328	38
AK311558(dist=181904),STMN4(dist=187150),8.0,26906664	97	79	121	75	91	46	106	45	174	85
RHPN1,8.0,144458783	109	23	156	4	116	7	108	4	181	8
P2RX2,12.0,133197668	197	14	121	26	120	29	107	28	206	53
FRMD3,9.0,85914178	111	50	168	15	130	19	142	2	286	28
GABRA5,GABRB3,15.0,27160054	208	40	219	17	176	26	190	6	277	17
P2RY14,3.0,150931349							443	73	857	79
SUGT1,13.0,53226971			150	0			102	26	168	14
NDN,15.0,23931591	113	73	101	48	124	52	97	46	122	72
C14orf166B,14.0,77323871									102	8
PYGM,11.0,64514876	108	44	181	4	143	24	129	10	244	11
PDHX,11.0,35006287	201	110	174	102	157	108	135	65	209	94
MUTED,6.0,8054537	450	86	501	17	494	33	418	11	754	27
DYNC2H1,11.0,103033795							260	30	398	44
PTPN7,1.0,202128510	168	15	155	8	187	12			308	5
MIOX,22.0,50925785	221	15	206	11	203	7				
TRNA_Glu(dist=39940),MIR548I1(dist=56059),3.0,125453188									111	12
AKR1A1,1.0,46034731	437	24			438	11				
ZNF492,19.0,22817197	324	23	340	6			293	5	415	9
RAB39B,X,154493444			79	0					113	32
MBOAT7,19.0,54678134	49	39	65	12	101	5	86	0	110	16
FLT4,5.0,180045795			306	4					414	31
CD58,1.0,117087180	128	70	131	41	115	35	128	14	213	26
MORC3,21.0,37732263	136	40	127	13	99	5	131	3	237	14
IGF2,11.0,2154205	68	24	93	23	93	33	93	16	127	32
MACROD2,20.0,14527967	398	12	284	13	302	17				
PWP2,21.0,45539434	101	30	109	6	129	3	106	3	232	4
OSBPL5,11.0,3114754	178	44	190	20	225	37	216	4	334	19
FAM184A,6.0,119345715							171	41		
GRIK4,11.0,120827678	116	3	105	11	102	10	73	7	123	6
NOVA1,14.0,26917425							331	30		
KIAA0825,5.0,93800566			148	2					166	16
KIAA0825,5.0,93800567			151	2					170	16
MDM1,12.0,68720937	117	30	114	34	103	25	57	12	176	25
RBM39,20.0,34312641	400	29	371	7					526	7
BRWD3,X,79936935									144	9
EPS15,1.0,51829486	331	34	364	11			331	9	545	15
ADAMTS18,16.0,77325339	194	13	167	7			180	1	243	7
NONE(dist=NONE),ANKRD26P1(dist=103112),16.0,46400137							101	7		
TAMM41(dist=61579),DQ583118(dist=2252),3.0,11949931	104	39	111	4	93	11	77	1	120	5
NCK1;NCK1,3.0,136665137	507	30	375	42	369	23			653	6
UNC5D,8.0,35579018	113	99	163	105	158	114	164	74	279	156
ASPDH,19.0,51015571	240	34	259	12			292	9	510	11
OGFOD1,16.0,56509401	201	14	206	12	187	9			307	2
CWH43(dist=45395),DQ579288(dist=95572),4.0,49109490									300	1
KIF24,9.0,34257346	196	22	170	19	220	1	227	3	281	22
CACNA2D1,7.0,81662271			124	1			72	5	103	18
FAM184A,6.0,119345811							107	17		
PDE6C,10.0,95418709							152	17		
NBN,8.0,90965854	155	31	160	17	120	18	112	8	173	11
DDX21,10.0,70720033	321	203	311	135	317	155	267	97	422	230
ZC3HAV1,7.0,138738257	317	24	302	71	267	48	249	43	446	52
LRP5,11.0,68174120	211	89	248	10	265	33	211	9	387	34
ITPR3,6.0,33651114							120	13		
SLC22A10(dist=50817),SLC22A9(dist=7198),11.0,63130063	115	32	121	9	116	16			173	14
LRRC66,4.0,52860997	458	25							605	8
RNF144B,6.0,18465225	158	33	167	4	187	13	152	3	260	24
PRMT7,16.0,68349877			129	2					140	16
ZNF434,16.0,3434944	130	52	143	10	134	13	109	2	184	11
DHDDS,1.0,26759541	352	102	294	78	256	91	212	53	424	71
SLC9A11,1.0,173486791	579	75	526	15			458	4	810	32
FKBP6(dist=44501),FZD9(dist=30967),7.0,72817142	224	45	219	12	187	13	189	8	328	14
DGUOK,2.0,74154050							201	40		
Mir_548(dist=15230),AK094352(dist=11006),15.0,93844780	216	10	216	15	164	8				
IL1R2,2.0,102632254	69	34	61	28	57	38	60	23	92	45
ZNF443,19.0,12542342	384	208	465	53	463	69	510	19	798	69
C1orf65,1.0,223567790	138	43	116	48	137	43	118	34	151	61
MDM1,12.0,68725042	434	27	368	4	378	17				
MDM1,12.0,68725046	411	26	339	4	379	17	287	2	778	19
ACD,16.0,67693595	526	44	500	18			477	5	922	18
EFR3B,2.0,25353547	278	78	318	41	261	15	246	4	399	13
AAK1,2.0,69693317	392	100	450	28	430	49	435	10	543	60
RERGL,12.0,18237489	459	228	487	60	515	109	438	49	838	103
abParts,2.0,89197004	439	33	508	3			328	8	620	11
MTFP1,SEC14L2,22.0,30818263	381	103	396	40	330	34	330	8	548	45
ITCH,20.0,33027930	231	151	309	48	286	61	210	11	335	66
CHRNG,2.0,233407770	515	158	553	36	611	69	497	19	827	53
PCDH15,10.0,55566594	418	19	393	19	412	25				
PLCG2,16.0,81946350							105	17		
CD300C,17.0,72540952	394	112	416	25	325	35	343	13	559	54
MALAT1,11.0,65266600	137	16	82	5					120	2
LOC100505876,2.0,37428248	85	47	80	42	77	32	81	23	126	43
ARID1A,1.0,27100093	449	111	451	31	499	50	399	22	684	66
ECE1,1.0,21616698	140	12	145	4					279	12
CSF2RB,22.0,37335203	213	60	222	13	188	19	171	6	306	20
FAM76B,11.0,95522632	107	46	86	34	81	42	90	45	151	66
TMC7,16.0,19058559	76	27	104	7	106	1	75	5	122	9
NOTCH3,19.0,15272004	70	6	91	17	88	26	96	13	163	16
LOC727924,abParts,15.0,22333343							67	4	137	18
ABO,9.0,136136872	52	26	72	11	62	5	94	4	142	19
TRIM17,1.0,228596267	351	22	322	22	296	25			415	3
AF113016,MALAT1,11.0,65268307	271	103	262	26	279	33	233	10	380	26
TRIM67,1.0,231298980	102	44	103	33	125	44	79	19	95	26
GRK7,3.0,141497514	340	9	255	6	231	13				
FAM100B,17.0,74266303	260	20	218	50	256	48	184	29	369	59
LMAN2L,2.0,97403752	312	70	289	16	327	21	292	9	450	27
NEDD1,12.0,97306590	126	10							165	4
SCAPER,15.0,77097029	153	42	145	17	141	7	113	2	202	13
EMBP1(dist=165004),NONE(dist=NONE),1.0,121478690	122	3	112	0			125	2		
SSBP4,19.0,18542726	480	75	475	21	532	28	419	11	781	23
FAM178A,10.0,102684149	633	42	569	13			468	8	743	31
TSHZ2,20.0,52105502	245	56	276	11	250	8	190	5	305	23
GAP43,3.0,115342663	210	214	286	121	348	199	391	86	507	251
AGPAT4,6.0,161570129	90	61	94	19	124	13	133	15	197	19
ZC3H11A,1.0,203819610	574	133	716	42	557	63	459	17	766	68
C3orf24,FANCD2,3.0,10130085	88	19	90	4	90	6	78	2	128	9
ABCA12,2.0,216003084	216	22	194	41	218	31	175	24	295	34
SLC14A2,18.0,43249470									321	28
GNL1,6.0,30520789	207	108	209	67	253	98	169	28	306	89
MACC1,7.0,20193845	360	114	365	30	349	49	324	16	514	49
SHANK3,22.0,51142432	136	13	121	2	123	4				
NONE(dist=NONE),SPRY3(dist=195160),Y,58905297	125	7	130	10	184	19				
GRIN3A,9.0,104499611							291	31		
DDI2,RSC1A1,1.0,15982997	253	27	257	6			210	3	373	14
CHST15,10.0,125801968	178	69	188	14	205	15	189	1	322	21
ST6GAL2(dist=53901),LOC729121(dist=882056),2.0,107557464	79	19	69	3			67	1	115	7
MSH5,MSH5-SAPCD1,SAPCD1,6.0,31729444	339	23	442	13			315	0	623	6
DCC,18.0,51025761	280	68	276	103	306	125	219	111	399	141
MRDS1,OFCC1,6.0,9750420	208	43	209	10	221	14	205	8	334	14
MGST1(dist=35504),LMO3(dist=148458),12.0,16552848	115	68	93	43	113	57	80	44	163	66
TANC1,2.0,160087210	302	27	276	12			235	1	362	12
MTMR3,22.0,30415660	236	69	182	23	216	25	183	11	280	28
CTNNB1,3.0,41266113	155	12	150	6					183	1
RNF41,12.0,56606773			225	14			158	21	311	44
DLK1,14.0,101200856	192	115	231	30	261	34	264	16	419	28
RAD23A,19.0,13060178	143	83	171	31	182	19	242	19	272	31
DCTN2,12.0,57940048	89	32	74	10	58	20	70	1	88	7
MCRS1,12.0,49953285									311	17
POU2F3,11.0,120111058			302	2					339	47
SLC7A14,3.0,170184934	526	24	467	50	353	75	281	44	567	77
OR8K1,11.0,56113521	229	99	243	62	213	75	162	35	298	71
SLC26A3,7.0,107432487			126	4			133	19	175	27
CAMK2A,5.0,149624805	82	42	130	12	105	26	96	0	148	28
KAT7,17.0,47875761	212	61	210	22	208	37	235	8	392	26
ULK3,15.0,75131503	378	12	377	21	335	14			550	3
CD99,X,2609795	314	17	278	12	343	8				
ZNF560,19.0,9579749	53	77	54	52	51	51	59	49	64	76
KRTAP24-1,21.0,31654915	238	104	291	24	297	36	316	6	485	20
C14orf118,14.0,76620831			233	8			136	24	237	38
SEMA5A,5.0,9051913	121	95	95	70	108	63	89	24	169	70
USP33(dist=14901),FAM73A(dist=4871),1.0,78240438	86	14	71	10	77	7	112	1	136	11
TTN,2.0,179479461	532	47	432	39	410	24				
DUSP5,10.0,112269884	447	11	429	54	426	70	317	33	597	56
ALB,4.0,74279210			482	10			343	54	669	52
ATAD2B,2.0,23985201	352	37	350	12			256	8	503	24
AK001975,MBD5,2.0,149227488									488	44
UBE2E1,3.0,23848773	403	33	306	36	361	28	271	0	502	11
ARHGEF11,1.0,156915948	118	9	104	8					142	5
MDM1,12.0,68720649	764	102	756	95	771	95	683	61	831	69
NONE(dist=NONE),ROCK1(dist=17424),18.0,18512279	126	9					241	1	532	5
AX747630,17.0,7960815	203	42	218	17	178	16	156	8	328	8
IPPK,9.0,95432136	77	61	122	19	128	20	133	5	247	24
EIF2B4,2.0,27592642	140	48	181	15	105	11	92	4	143	10
CTAGE7P,10.0,131904818	416	111	488	19	486	53	351	12	729	50
PURG,8.0,30889901	126	101	159	107	154	82	128	66	224	122
GCLC,6.0,53379167	541	32	586	81	501	77	438	34	709	68
