gene_id	11	11	12	12	14	14	15	15
TG,8.0,133984964	31	3	19	9	44	6	159	18
RB1CC1,8.0,53596499	25	8	33	7	127	9	197	13
PCDHA4,5.0,140188729	101	12	137	21	131	12	503	24
EXOSC1,10.0,99205697	50	6	86	14	91	12	376	22
MALAT1,11.0,65273756	18	3	43	6	60	3	107	7
NXNL1,19.0,17571474	75	9	66	8	54	4	285	30
NRIP3,11.0,9009741	44	24	59	27	73	28	384	52
RYR2,1.0,237880711	12	3	23	13	28	9	136	31
C1orf222,1.0,1858299	121	11	430	7	162	20	682	14
CCDC66,3.0,56600688	57	6	28	9	24	3	147	12
AADACL2,3.0,151474868	71	6	84	6	94	9	399	2
CABIN1,22.0,24468294	111	13	77	17	78	10	307	29
CIT,12.0,120214268	48	8	75	14	82	13	411	33
DQ571479(dist=303933),IGH(dist=17036),16.0,33630416	91	7	82	18	100	11	503	25
CIR1,2.0,175213518	89	17	124	12	97	14	598	30
LOC646508,19.0,53784758	42	4	50	8	65	17	230	28
SGIP1;SGIP1,1.0,67155999	83	8	111	24	104	14	536	32
PCDHB15,5.0,140625883	189	13	104	12	101	9	434	32
FOXP2,7.0,114302346	73	5	54	5	84	11	222	14
NETO2,16.0,47143467	98	11	132	17	163	12	651	45
INSRR,1.0,156813014	54	8	223	16	66	6	340	20
UCP3,11.0,73716888	57	13	72	28	73	17	333	60
DUSP27,1.0,167097199	77	10	103	9	227	17	432	15
TTC37,5.0,94845265	84	10	169	23	114	10	531	23
FAM75D5,9.0,84531711	29	3	30	14	82	21	180	18
CLASP2,3.0,33605401	200	30	274	53	291	33	910	46
CROT,7.0,87027948	39	10	53	13	68	18	324	45
CYTH4,22.0,37696902	43	4	56	7	51	7	244	17
NALCN,13.0,102030980	63	8	69	19	62	8	355	32
TCRBV5S1A1T,7.0,142021284	115	17	151	19	152	20	621	52
RBFOX1,16.0,7568066	65	12	43	11	41	6	234	13
KPNA6,1.0,32625085	67	7	82	13	102	21	382	28
RNF213,17.0,78237332	39	7	48	16	59	6	169	24
XKR4,8.0,56048227	16	4	42	3	106	2	203	15
CD163L1,12.0,7510155	46	4	22	6	79	12	140	10
ZFP30,19.0,38126647	60	12	81	29	78	14	371	33
KLHL14,18.0,30349702	33	3	39	11	35	4	182	14
LAT2,7.0,73634907	72	9	99	13	92	10	289	24
GCNT1(dist=42044),PRUNE2(dist=61916),9.0,79164376	72	6	39	4	86	5	150	9
PSORS1C1,6.0,31107655	105	10	342	4	351	9		
GFRAL,6.0,55192219	51	8						
TRABD,22.0,50636427	219	25	269	9	112	7	503	4
Metazoa_SRP(dist=151014),BC026300(dist=711553),13.0,53983522	17	3	51	4	15	4	111	11
KRTAP19-3,21.0,31864089	139	17	202	38	204	18	902	51
FER1L5,2.0,97357320	90	10	121	36	106	12	507	38
F13A1,6.0,6251033	110	12	137	15	105	16	530	31
DCHS2,4.0,155225949	61	14	69	24	80	21	305	15
FAM47C,X,37028903			77	16	202	15		
RHCG,15.0,90020350	36	5	46	11	54	5	252	23
KIT,4.0,55564616	88	6	137	2	119	12	247	22
ADNP,20.0,49509295	122	5	167	38	143	28	795	52
KIAA0528,12.0,22677502	75	4	74	11	85	7	434	24
ATF2,2.0,175982876	111	16	84	15	128	9	255	15
OR12D2,6.0,29364581			56	10				
EPHA3,3.0,89448590	70	3	49	8	95	14	181	18
ZNF470,19.0,57085898	74	9	125	26	121	17	633	46
abParts,14.0,107219219	58	4	77	11	73	9	412	30
abParts,14.0,107219218	61	4	79	11	79	9	414	31
KRAS,12.0,25398285	30	9	39	10	24	9	140	22
TCR-alpha,14.0,22573615	242	20	129	13	112	6	547	38
C1orf43,UBAP2L,1.0,154192752	208	56	110	73	137	29	479	71
OR2T12,1.0,248457996	176	7	115	16	92	16	449	23
CLRN2,4.0,17524575	65	5	57	12	20	3	130	11
FAM169B,15.0,99029192	66	7	100	12	88	13	464	20
KRTAP19-2,21.0,31859765	35	8	44	11	35	7	202	14
ARR3,X,69496099	14	5	27	4	63	6	117	12
TBC1D22A,22.0,47569277	84	11	117	10	105	6	568	16
ADAMTS9,3.0,64547139	39	5	13	7	7	5	119	9
GON4L,1.0,155735039	69	8	97	10	213	16	391	36
RAB11FIP3,16.0,569847	41	8	32	7	37	8	97	6
TNFSF12,TNFSF12-TNFSF13,17.0,7454284	43	6	24	8	26	6	127	8
LRCH4,7.0,100175057	85	8	52	9	46	7	235	13
OR52A1,11.0,5173516	128	14	209	47	198	20	853	52
TRAF7,16.0,2215852	93	12	178	33	173	16	752	69
KRT83,12.0,52715043	56	8	94	11	165	14	242	11
NXF5,X,101096443	79	7	95	17	64	8	490	21
ARHGAP33,19.0,36271069	142	9	65	17	73	5	252	26
MOGAT3(dist=2573),PLOD3(dist=2383),7.0,100846875	62	5	101	16	117	15	457	32
NFAT5,16.0,69727910	170	17	221	43	196	30	885	64
NF1,17.0,29554635	45	5	85	19	71	5	338	15
TMEM175;TMEM175,4.0,942324	44	6	77	7	57	8	223	21
NONE(dist=NONE),FSCB(dist=383845),14.0,44589509	42	6	61	13	114	12	289	23
GTPBP4,10.0,1056484	113	5	61	11	109	7	249	18
OR6N2,1.0,158747034	60	8	83	10	61	11	318	18
UBR5,8.0,103288003	180	20	84	8	86	7	437	31
PRPF40A,2.0,153549542	32	6	37	16	64	12	290	34
SCN2A,2.0,166245337	103	36	128	67	135	38	843	107
UGT2B4,4.0,70346460	89	7	125	15	96	9	533	35
ZNF324,19.0,58983468	53	24	81	17	105	20	337	23
CXorf22,X,35974223	82	11	96	17	153	18	449	40
TBRG1,11.0,124496348	18	12	51	8	37	12	197	21
CD5,11.0,60886481	75	15	102	43	99	27	638	53
ZNF670,1.0,247200978	43	4	103	17	86	13	375	13
USH2A,1.0,216419913	118	8	169	11	143	13	552	21
ARL6IP5,3.0,69154063	78	14	94	16	105	9	550	51
TRIM28,19.0,59060999	152	11	90	15	63	14	346	26
REG3A,2.0,79385390	47	4	37	5	25	4		
GNL3,3.0,52720047	56	6	74	13	77	13	348	20
SPOCD1,1.0,32256288	27	3	43	17	45	11	185	17
FLT4,5.0,180047894	30	5	16	6	15	4	101	10
KRT6B;KRT6B,12.0,52843637	18	7	37	3	40	7	239	41
EVPL,17.0,74005467	130	13	460	10	173	21	665	18
PRRG1(dist=86501),LANCL3(dist=27773),X,37403049	48	9	57	12	58	11	273	37
C1orf228,1.0,45166496	22	6	28	5	27	4	108	10
RUNX1T1,8.0,92991996	32	5	36	9	40	8	162	18
CIITA,16.0,11004225	31	10	52	8	23	4	92	8
DDX11;DDX11,12.0,31245825	93	16	40	13	40	13	218	25
SLC34A2,4.0,25677764	165	9	204	34	177	13	886	62
ZNF454(dist=9893),GRM6(dist=2219),5.0,178403111	55	7	93	12	69	15	336	17
ZNF483,9.0,114304755					76	13		
LOC100132891,8.0,72936188	92	4	92	5	115	2	210	14
DDHD1,14.0,53521224	81	12	95	17	107	13	453	26
WSCD2,12.0,108634419	32	3	14	5	39	3	96	8
FSIP2,2.0,186654621	53	7	74	22	83	18	341	42
ODZ1,X,123514616	163	10	236	54	241	36	1337	83
PCDH19,X,99657604	77	13	101	25	90	19	456	21
CCDC22,X,49099612	111	10	147	34	162	13	712	43
MYO18A,17.0,27419803	77	2	81	4	52	0	118	8
SNX25,4.0,186241922	23	5	27	13	33	9	188	22
F2R,5.0,76028746	131	3	87	14	177	15	409	17
COL6A5,3.0,130190659	124	9	61	10	87	5	332	27
UBE2DNL,X,84189400	52	11	101	15	93	9	371	23
TRIM64C,11.0,49075569	47	12	64	24	75	16	352	58
GOLGA2,9.0,131023527	158	19	581	10	209	9	802	20
RIC8B,12.0,107236488	49	4	81	9	101	8	398	22
LAS1L,X,64751335	45	12	56	6	82	7	257	17
ASTL,2.0,96799234	34	3	64	8	64	9	272	16
ZNF680(dist=7059),AK125429(dist=4509),7.0,64030564	45	6	62	14	132	10	228	17
FOXO3,6.0,109001041	36	5	24	5	41	6	172	14
FANCG,9.0,35075936	114	8	432	6	333	28	649	12
CYBB,X,37641205	58	10	89	15	100	7	283	19
RNF112,17.0,19316363	58	7	44	9	56	15	281	15
RPA4,X,96139825	54	6	84	13	102	10	425	24
SMEK3P,X,27481129	130	16	178	21	186	14	839	56
EF565118(dist=23559),GRID2(dist=3538),4.0,93222012	65	4	35	7	71	10	176	12
ENPP2,8.0,120613605	52	9	56	16	69	13	333	28
SDK2,17.0,71443944	17	3	18	7	24	8	107	12
GUCY1A2,11.0,106810836	44	12	61	25	79	11	418	59
MAPK15,8.0,144803258	133	11	87	28	106	9	303	51
abParts,2.0,90249282	148	16	223	23	192	21	792	36
OR5M3,11.0,56237579	159	21	194	40	211	15	901	60
MTUS2,13.0,29933484	33	3	81	8	50	5	210	15
SEMA3E,7.0,83016324	59	8	58	24	74	19	402	63
TRA2A,7.0,23545804	108	12	139	21	131	11	580	24
TPK1(dist=169781),DQ597485(dist=991557),7.0,144702927	63	6	103	14	74	12	382	27
SPATS2L,2.0,201173835	120	16	160	24	182	19	702	34
UNC13A,19.0,17774326	27	3	43	9	30	8	187	14
RYR2,1.0,237817678	55	7	82	12	73	4	374	30
FCRL5,1.0,157494235	80	12	137	18	102	8	419	29
ATP6AP1,X,153657262	54	5	32	5	60	1	120	16
CDKL5,X,18602437	42	7	67	12	170	15	264	18
RNF213,17.0,78354680	74	21	90	27	116	22	472	58
KRTAP8-1,21.0,32185291	81	5	48	12	37	3	187	11
CALN1,7.0,71571127	37	4	52	5	17	3	110	7
PLXNA1,3.0,126723812	57	8	69	5	98	9	314	29
LPHN2,1.0,81967559	21	4	38	10	28	5	233	29
C10orf90,10.0,128193235	76	8	79	12	110	6	412	20
PRRC2C,1.0,171505291	123	10	157	25	184	12	672	45
hADV23S1,14.0,22554718	50	8	84	14	77	9	358	30
COBL,7.0,51150778	105	8	156	18	151	14	583	42
SYNE1,6.0,152668361	30	8	21	15	28	7	185	28
DIS3L2,2.0,233164725	102	9			141	7		
FLG,1.0,152282458	109	9	91	17	86	9	374	40
PAPPA2,1.0,176563704	38	6	78	14	63	14	313	17
FAM186A,12.0,50757011	19	4	20	4	73	5	189	11
FBXO33,14.0,39900788	67	13	113	15	95	14	436	23
TRDN,6.0,123824913	87	11	80	24	128	14	583	32
LENG8,19.0,54963358	30	3	41	7	52	6	201	34
IPW,SNURF-SNRPN,15.0,25327898	59	11	86	12	99	15	484	30
EPHA5,4.0,66189927	65	8	81	19	84	21	474	40
SV2C,5.0,75469913	111	8	126	21	141	19	659	47
KIT,4.0,55564617	92	6	136	2	117	11	245	22
CHD8,14.0,21871663	84	15	316	6	99	6	513	4
FAM83B,6.0,54735210	103	24	128	32	143	21	694	57
RDX,11.0,110124777	33	9	37	17	45	10	217	32
WDFY3,4.0,85708717	49	6	64	10	53	6	259	26
MAGEA4,X,151081144	78	10	121	17	38	7	210	26
CSMD3,8.0,113254020	50	8	27	10	34	7	181	10
CDH23,10.0,73199428	53	6	40	6	37	5	137	11
TCF7L2,10.0,114905682	119	20	171	21	207	17	903	42
LINC00265(dist=39083),CDK13(dist=116654),7.0,39873305	62	9	88	12	82	5	354	17
HCK,20.0,30674530	60	0	33	9	22	3	131	7
ZNF716,7.0,57522184	154	16	195	31	218	21	792	39
OR5AN1,11.0,59132724	68	20	86	41	89	31	495	54
GHR,5.0,42719425	97	15	141	17	122	10	591	26
CWH43(dist=58971),DQ579288(dist=81996),4.0,49123066			120	7				
DPF2;DPF2,11.0,65113529	33	3	28	12	29	13	175	19
CACNA1E,1.0,181724523	144	14	64	9	78	15	296	17
GPR32,19.0,51273979	66	10	70	21	78	17	483	28
SLMAP,3.0,57817180	98	8	119	17	167	15	599	51
C12orf71,12.0,27235491	54	4	22	3	37	4	146	10
RNF213,17.0,78237331	39	9	47	16	58	6	166	24
ATG7,3.0,11372927	80	15	96	21	121	7	438	19
OR2M2,1.0,248344218	104	8	128	16	133	10	483	28
DOCK1,10.0,129245853	25	8	33	20	35	7	243	26
KLKB1,4.0,187175813	141	1	90	12	78	14	304	13
OR5P2,11.0,7818095	56	11	75	24	117	14	475	26
SLC18A2,10.0,119013556	27	8	26	9	25	14	129	29
ATRX,X,76907881			27	4	12	6		
LOC727924,abParts,15.0,22344931	79	8	108	7	109	12	574	26
CRISP2,6.0,49667574	47	5	57	5	75	15	301	24
NGLY1,3.0,25805722	76	9	85	17	100	10	518	44
GRIN2A,16.0,9923462	63	4	154	31	67	8	347	31
DGKB,7.0,14188706	47	7	65	12	68	9	284	22
OR4A15(dist=109424),OR4C15(dist=75965),11.0,55245818	12	4	20	7	50	8	103	7
SERPINI2,3.0,167159881	40	6	27	11	59	2	107	8
ALDH1A1,9.0,75524630	33	2	22	4	64	7	126	8
PTGDR2,11.0,60620484	58	3	34	8	81	4	106	6
CFP,X,47485827	124	1	51	13	88	10	330	21
PCDH15,10.0,55839030	89	13	91	16	72	15	405	35
GRM6,5.0,178419180	28	8	60	19	69	6	251	20
SEMA4A,1.0,156146776	96	9	69	20	151	13	302	20
ALOX5AP,13.0,31318261	56	8	53	16	71	15	332	20
OR4Q3,14.0,20216225	121	14	152	11	124	10	622	27
WIPF3,7.0,29923980	69	9	105	17	37	4	142	8
RPTN,1.0,152128239	258	22	336	61	355	26	904	54
XIRP2,2.0,168108512	30	4	186	26	73	13	337	32
GOLGB1,3.0,121412718	79	18	106	32	112	20	556	32
XIRP2,2.0,168108511	29	6	194	27	76	12	340	32
HEPHL1,11.0,93797634	73	9	101	36	98	25	447	48
STK24,13.0,99114131	74	3	39	6	29	7	164	19
C20orf26,20.0,20269367	442	32	253	31	223	12	921	38
CRIM1,2.0,36756154	46	9	34	15	34	8	202	32
SIDT2,11.0,117063011	72	24	93	54	111	23	474	62
LOC375190,2.0,24388385			23	7				
AGAP3,7.0,150840808	98	10	112	20	116	10	555	39
ZCCHC17,1.0,31791920	68	6	100	20	90	7	426	15
FAM70B,13.0,114514845	72	10	38	7	25	4	165	14
DOCK4,7.0,111584738	100	16	98	17	118	16	380	21
DUOX2,15.0,45390066	48	5	53	18	59	6	289	25
SEMA4A,1.0,156146365	79	11	133	21	125	8	552	32
SLC15A1,13.0,99376250	61	8	75	18	47	13	330	35
SCLT1,4.0,129961268	32	4	26	4	103	4	191	17
SERPINA7,X,105279399	72	5	91	20	94	23	437	27
HYDIN,16.0,70852304	34	6	56	16	52	6	217	19
TBR1(dist=77840),SLC4A10(dist=121432),2.0,162359413	86	8	115	6	98	11	229	25
LPA,6.0,160958946	73	12	27	13	49	7	228	29
KIAA1161,9.0,34371615	43	18	58	37	81	25	366	66
SPEF2,5.0,35740170	66	6	92	10	98	5	393	15
ATP11C,X,138823291	102	7			310	5		
C12orf51,12.0,112631354	24	4	27	18	35	13	164	34
PRMT7;PRMT7,16.0,68355329	48	5	46	7	53	10	272	18
BCHE,3.0,165547659	123	11	227	40	171	21	844	46
