gene_id	11	11	12	12	14	14	15	15
TG,8.0,133984964	841	93	715	186	504	87	744	80
RB1CC1,8.0,53596499	762	77	690	104	519	49	655	44
PCDHA4,5.0,140188729	858	85	820	129	722	89	880	58
EXOSC1,10.0,99205697	782	85	761	117	515	45	723	35
MALAT1,11.0,65273756	507	48	443	67	295	28	479	27
NXNL1,19.0,17571474	242	25	260	42	168	27	201	7
NRIP3,11.0,9009741	748	211	599	325	652	176	799	128
RYR2,1.0,237880711	732	247	606	362	733	227	845	128
C1orf222,1.0,1858299	835	92	923	29	616	50	857	16
CCDC66,3.0,56600688	710	90	697	107	420	56	663	39
AADACL2,3.0,151474868	882	77	947	17	603	38	775	20
CABIN1,22.0,24468294	803	87	754	107	469	55	749	44
CIT,12.0,120214268	373	32	302	50	217	15	324	16
DQ571479(dist=303933),IGH(dist=17036),16.0,33630416	410	41	366	83	244	25	363	17
CIR1,2.0,175213518	861	96	841	131	873	92	913	63
LOC646508,19.0,53784758	503	111	483	83	322	62	411	37
SGIP1;SGIP1,1.0,67155999	840	110	832	126	798	97	902	62
PCDHB15,5.0,140625883	741	74	729	114	452	53	611	36
FOXP2,7.0,114302346	732	85	738	126	478	69	617	53
NETO2,16.0,47143467	806	98	788	124	587	81	803	64
INSRR,1.0,156813014	853	77	856	99	648	60	835	55
UCP3,11.0,73716888	706	193	603	288	544	140	807	97
DUSP27,1.0,167097199	528	53	506	68	272	32	413	21
TTC37,5.0,94845265	838	101	819	120	663	71	875	44
FAM75D5,9.0,84531711	731	211	645	309	610	201	819	100
CLASP2,3.0,33605401	848	110	821	138	729	84	898	51
CROT,7.0,87027948	573	170	554	184	372	70	524	69
CYTH4,22.0,37696902	775	94	754	158	501	68	724	39
NALCN,13.0,102030980	720	96	690	110	492	46	635	41
TCRBV5S1A1T,7.0,142021284	714	77	672	118	448	64	585	37
RBFOX1,16.0,7568066	664	67	589	134	417	48	596	30
KPNA6,1.0,32625085	801	83	711	124	514	42	798	56
RNF213,17.0,78237332	478	119	437	150	352	61	487	50
XKR4,8.0,56048227	391	38	406	56	243	12	391	17
CD163L1,12.0,7510155	594	76	575	99	403	32	565	33
ZFP30,19.0,38126647	614	175	562	152	351	85	539	53
KLHL14,18.0,30349702	514	45	451	93	329	36	480	33
LAT2,7.0,73634907	442	50	407	65	257	23	335	42
GCNT1(dist=42044),PRUNE2(dist=61916),9.0,79164376	561	61	551	104	349	47	552	39
PSORS1C1,6.0,31107655	881	66	942	13	893	24		
GFRAL,6.0,55192219	1	3						
TRABD,22.0,50636427	853	97	914	17	818	62	921	16
Metazoa_SRP(dist=151014),BC026300(dist=711553),13.0,53983522	789	130	764	171	508	85	807	68
KRTAP19-3,21.0,31864089	826	109	827	127	596	49	738	40
FER1L5,2.0,97357320	838	110	800	138	579	82	728	51
F13A1,6.0,6251033	674	90	639	109	430	45	634	48
DCHS2,4.0,155225949	649	163	681	142	408	88	638	38
FAM47C,X,37028903			38	7	21	5		
RHCG,15.0,90020350	764	86	766	153	507	72	731	58
KIT,4.0,55564616	869	88	829	133	822	101	903	52
ADNP,20.0,49509295	856	108	823	143	621	59	899	67
KIAA0528,12.0,22677502	494	46	428	89	330	31	422	19
ATF2,2.0,175982876	731	69	702	132	448	43	598	28
OR12D2,6.0,29364581			1	2				
EPHA3,3.0,89448590	872	84	837	139	768	66	903	48
ZNF470,19.0,57085898	851	108	832	131	752	80	911	54
abParts,14.0,107219219	643	75	621	94	380	44	553	39
abParts,14.0,107219218	642	77	627	92	385	46	553	39
KRAS,12.0,25398285	658	146	602	187	442	86	613	85
TCR-alpha,14.0,22573615	829	114	799	115	501	60	702	37
C1orf43,UBAP2L,1.0,154192752	430	136	420	201	280	88	396	88
OR2T12,1.0,248457996	892	75	863	104	876	80	909	63
CLRN2,4.0,17524575	584	52	432	58	294	26	395	31
FAM169B,15.0,99029192	818	100	748	149	554	62	721	54
KRTAP19-2,21.0,31859765	13	3	20	6	6	2	17	5
ARR3,X,69496099	842	104	763	135	646	66	840	55
TBC1D22A,22.0,47569277	869	75	828	109	749	57	909	23
ADAMTS9,3.0,64547139	820	124	790	164	606	73	833	58
GON4L,1.0,155735039	892	70	850	116	619	45	795	31
RAB11FIP3,16.0,569847	346	35	316	62	197	28	315	23
TNFSF12,TNFSF12-TNFSF13,17.0,7454284	846	85	699	127	510	58	811	33
LRCH4,7.0,100175057	518	76	484	88	324	45	477	44
OR52A1,11.0,5173516	880	92	801	137	574	54	810	39
TRAF7,16.0,2215852	829	99	772	167	743	106	825	63
KRT83,12.0,52715043	274	23	262	48	150	18	218	14
NXF5,X,101096443	454	49	422	71	282	38	394	24
ARHGAP33,19.0,36271069	796	90	776	119	439	41	626	37
MOGAT3(dist=2573),PLOD3(dist=2383),7.0,100846875	431	53	413	70	259	36	352	21
NFAT5,16.0,69727910	822	94	701	112	470	46	674	56
NF1,17.0,29554635	639	59	610	110	405	54	547	31
TMEM175;TMEM175,4.0,942324	828	89	770	120	484	51	714	35
NONE(dist=NONE),FSCB(dist=383845),14.0,44589509	851	92	812	138	714	86	875	29
GTPBP4,10.0,1056484	874	83	794	131	614	55	764	52
OR6N2,1.0,158747034	674	48	623	67	386	32	503	39
UBR5,8.0,103288003	691	75	687	95	463	39	614	29
PRPF40A,2.0,153549542	766	173	632	248	601	146	810	108
SCN2A,2.0,166245337	742	184	699	249	617	146	821	113
UGT2B4,4.0,70346460	627	56	597	76	340	40	499	31
ZNF324,19.0,58983468	706	233	767	166	705	168	864	68
CXorf22,X,35974223	709	80	663	101	419	59	597	45
TBRG1,11.0,124496348	721	220	604	264	447	114	648	80
CD5,11.0,60886481	584	163	589	237	376	89	612	89
ZNF670,1.0,247200978	873	89	829	133	585	60	679	37
USH2A,1.0,216419913	861	91	867	110	712	65	865	38
ARL6IP5,3.0,69154063	659	64	525	101	369	31	542	27
TRIM28,19.0,59060999	614	65	477	57	349	30	445	24
REG3A,2.0,79385390	136	23	131	20	89	13		
GNL3,3.0,52720047	596	62	587	84	426	37	576	29
SPOCD1,1.0,32256288	337	38	324	51	201	25	318	22
FLT4,5.0,180047894	264	41	241	64	148	29	205	21
KRT6B;KRT6B,12.0,52843637	549	100	459	110	320	59	501	43
EVPL,17.0,74005467	863	68	935	16	636	53	847	12
PRRG1(dist=86501),LANCL3(dist=27773),X,37403049	425	58	358	81	267	39	363	26
C1orf228,1.0,45166496	722	81	712	125	481	52	666	34
RUNX1T1,8.0,92991996	846	109	750	214	624	102	863	93
CIITA,16.0,11004225	493	64	430	69	297	20	405	29
DDX11;DDX11,12.0,31245825	740	200	629	286	532	131	820	95
SLC34A2,4.0,25677764	879	86	824	104	702	60	839	57
ZNF454(dist=9893),GRM6(dist=2219),5.0,178403111	868	86	834	120	782	92	883	53
ZNF483,9.0,114304755					25	2		
LOC100132891,8.0,72936188	908	21	713	105	566	25	718	32
DDHD1,14.0,53521224	751	84	698	111	422	47	592	49
WSCD2,12.0,108634419	344	55	287	64	230	26	327	17
FSIP2,2.0,186654621	628	143	585	189	360	72	538	57
ODZ1,X,123514616	878	83	793	169	848	107	909	52
PCDH19,X,99657604	814	114	750	138	531	53	742	46
CCDC22,X,49099612	511	61	497	95	313	36	495	20
MYO18A,17.0,27419803	830	12	775	80	508	15	683	27
SNX25,4.0,186241922	764	175	772	190	624	88	894	61
F2R,5.0,76028746	792	68	776	118	529	49	654	37
COL6A5,3.0,130190659	737	89	688	141	473	55	625	42
UBE2DNL,X,84189400	784	118	746	157	701	83	828	57
TRIM64C,11.0,49075569	601	133	504	214	396	99	566	73
GOLGA2,9.0,131023527	725	69	689	17	438	38	608	11
RIC8B,12.0,107236488	710	80	658	116	436	53	575	43
LAS1L,X,64751335	600	84	554	106	347	44	527	33
ASTL,2.0,96799234	776	96	743	135	540	44	681	51
ZNF680(dist=7059),AK125429(dist=4509),7.0,64030564	842	101	811	131	840	73	863	59
FOXO3,6.0,109001041	814	118	781	150	572	61	825	45
FANCG,9.0,35075936	859	83	944	18	879	49	908	17
CYBB,X,37641205	727	103	743	133	531	72	707	50
RNF112,17.0,19316363	391	51	373	66	249	39	351	10
RPA4,X,96139825	823	124	814	137	547	92	805	71
SMEK3P,X,27481129	780	123	761	139	570	72	873	67
EF565118(dist=23559),GRID2(dist=3538),4.0,93222012	832	104	769	155	519	66	779	55
ENPP2,8.0,120613605	376	60	350	102	233	45	307	34
SDK2,17.0,71443944	439	97	421	153	306	61	423	49
GUCY1A2,11.0,106810836	619	226	419	243	399	104	519	101
MAPK15,8.0,144803258	862	100	727	215	596	89	798	92
abParts,2.0,90249282	861	96	786	166	660	80	844	54
OR5M3,11.0,56237579	820	104	731	129	497	39	708	50
MTUS2,13.0,29933484	366	57	371	75	238	28	325	27
SEMA3E,7.0,83016324	765	181	726	239	561	127	739	84
TRA2A,7.0,23545804	671	82	583	86	396	41	476	29
TPK1(dist=169781),DQ597485(dist=991557),7.0,144702927	872	89	822	143	697	74	862	60
SPATS2L,2.0,201173835	880	94	867	112	810	85	889	54
UNC13A,19.0,17774326	579	68	529	87	378	44	495	29
RYR2,1.0,237817678	831	65	781	127	597	50	794	48
FCRL5,1.0,157494235	791	81	838	90	593	44	767	28
ATP6AP1,X,153657262	223	38	222	42	149	14	193	13
CDKL5,X,18602437	868	105	823	145	759	74	898	39
RNF213,17.0,78354680	788	169	710	246	791	162	842	113
KRTAP8-1,21.0,32185291	447	56	447	78	307	43	380	17
CALN1,7.0,71571127	657	50	672	80	387	42	620	21
PLXNA1,3.0,126723812	769	115	765	144	529	92	749	70
LPHN2,1.0,81967559	302	25	301	57	189	26	293	18
C10orf90,10.0,128193235	607	82	551	112	438	39	512	40
PRRC2C,1.0,171505291	888	73	843	119	873	80	892	35
hADV23S1,14.0,22554718	845	104	825	100	554	52	682	50
COBL,7.0,51150778	705	40	701	60	467	43	633	37
SYNE1,6.0,152668361	472	128	381	164	254	61	387	35
DIS3L2,2.0,233164725	875	73			698	10		
FLG,1.0,152282458	862	101	817	126	724	63	871	56
PAPPA2,1.0,176563704	866	80	847	114	600	60	721	47
FAM186A,12.0,50757011	487	49	415	61	315	40	402	15
FBXO33,14.0,39900788	869	89	850	106	789	95	886	49
TRDN,6.0,123824913	810	129	756	184	604	83	877	82
LENG8,19.0,54963358	786	79	710	140	539	55	727	45
IPW,SNURF-SNRPN,15.0,25327898	866	95	830	139	836	93	872	68
EPHA5,4.0,66189927	779	176	775	170	537	73	753	40
SV2C,5.0,75469913	638	78	678	92	444	38	575	39
KIT,4.0,55564617	870	89	823	134	826	99	895	52
CHD8,14.0,21871663	897	70	953	18	821	51	945	16
FAM83B,6.0,54735210	768	95	637	135	441	51	683	39
RDX,11.0,110124777	606	249	542	251	461	114	660	94
WDFY3,4.0,85708717	575	62	499	95	322	35	413	28
MAGEA4,X,151081144	514	90	466	112	317	37	443	28
CSMD3,8.0,113254020	279	23	226	77	167	25	256	19
CDH23,10.0,73199428	788	98	762	149	515	69	703	53
TCF7L2,10.0,114905682	857	96	818	149	852	101	892	63
LINC00265(dist=39083),CDK13(dist=116654),7.0,39873305	882	88	830	134	860	91	923	51
HCK,20.0,30674530	708	97	693	122	407	48	605	38
ZNF716,7.0,57522184	883	86	808	119	600	65	809	47
OR5AN1,11.0,59132724	716	213	668	279	504	141	746	95
GHR,5.0,42719425	692	82	614	116	396	50	591	36
CWH43(dist=58971),DQ579288(dist=81996),4.0,49123066			833	9				
DPF2;DPF2,11.0,65113529	518	142	447	220	264	92	517	65
CACNA1E,1.0,181724523	883	86	877	104	862	88	900	40
GPR32,19.0,51273979	768	176	720	175	492	109	726	50
SLMAP,3.0,57817180	793	81	738	124	511	66	722	46
C12orf71,12.0,27235491	334	36	306	39	244	10	299	13
RNF213,17.0,78237331	471	121	436	147	358	59	488	50
ATG7,3.0,11372927	876	93	826	137	727	80	879	74
OR2M2,1.0,248344218	873	77	813	107	709	80	843	44
DOCK1,10.0,129245853	595	148	510	227	397	99	615	65
KLKB1,4.0,187175813	447	12	443	60	259	24	351	15
OR5P2,11.0,7818095	735	83	616	111	423	39	604	37
SLC18A2,10.0,119013556	784	169	645	288	642	147	828	108
ATRX,X,76907881			2	2	2	2		
LOC727924,abParts,15.0,22344931	787	52	733	91	746	88	812	31
CRISP2,6.0,49667574	650	71	505	127	375	55	609	45
NGLY1,3.0,25805722	859	102	802	154	638	63	913	48
GRIN2A,16.0,9923462	846	98	794	142	574	62	804	48
DGKB,7.0,14188706	898	62	818	130	703	59	787	49
OR4A15(dist=109424),OR4C15(dist=75965),11.0,55245818	757	183	649	280	453	115	738	86
SERPINI2,3.0,167159881	664	72	580	92	393	37	512	30
ALDH1A1,9.0,75524630	628	63	546	78	415	41	557	38
PTGDR2,11.0,60620484	206	18	219	43	146	16	200	18
CFP,X,47485827	833	112	787	156	564	52	773	50
PCDH15,10.0,55839030	766	74	712	122	517	70	687	41
GRM6,5.0,178419180	522	56	543	77	349	38	435	23
SEMA4A,1.0,156146776	800	82	727	95	533	48	638	46
ALOX5AP,13.0,31318261	734	79	691	121	484	64	661	42
OR4Q3,14.0,20216225	891	67	889	84	897	80	932	24
WIPF3,7.0,29923980	236	30	204	30	135	22	167	10
RPTN,1.0,152128239	866	105	840	126	872	99	936	36
XIRP2,2.0,168108512	476	63	489	82	320	22	455	25
GOLGB1,3.0,121412718	881	89	784	156	776	82	911	57
XIRP2,2.0,168108511	471	63	494	84	317	22	457	25
HEPHL1,11.0,93797634	662	164	590	253	429	76	593	82
STK24,13.0,99114131	665	87	604	118	446	51	583	31
C20orf26,20.0,20269367	894	59	892	82	907	64	916	45
CRIM1,2.0,36756154	736	182	672	223	489	79	689	76
SIDT2,11.0,117063011	732	230	643	301	601	136	846	99
LOC375190,2.0,24388385			1	2				
AGAP3,7.0,150840808	850	96	802	140	803	85	838	48
ZCCHC17,1.0,31791920	819	107	797	151	508	70	718	42
FAM70B,13.0,114514845	831	89	764	151	771	89	863	52
DOCK4,7.0,111584738	755	85	672	117	407	46	600	32
DUOX2,15.0,45390066	674	95	654	137	426	43	542	34
SEMA4A,1.0,156146365	575	61	606	79	362	23	439	24
SLC15A1,13.0,99376250	627	74	618	101	387	47	611	41
SCLT1,4.0,129961268	786	41	718	89	486	33	673	30
SERPINA7,X,105279399	756	89	689	114	508	55	647	36
HYDIN,16.0,70852304	842	102	758	168	670	76	891	52
TBR1(dist=77840),SLC4A10(dist=121432),2.0,162359413	573	70	538	102	375	38	468	31
LPA,6.0,160958946	750	208	650	312	572	175	833	116
KIAA1161,9.0,34371615	611	179	495	275	415	143	626	92
SPEF2,5.0,35740170	878	94	750	122	518	54	697	47
ATP11C,X,138823291	814	62			550	9		
C12orf51,12.0,112631354	399	136	363	182	252	84	419	71
PRMT7;PRMT7,16.0,68355329	747	92	677	120	482	60	699	46
BCHE,3.0,165547659	571	53	453	56	315	41	467	25
