gene_id	a	a	b	b	c	c	d	d	e	e
ARHGAP29	66023	60732	50883	49586	62757	59184	36056	35207	58777	56640
IRF4	93057	13659	61406	21773	72640	11159	61648	24792	54961	29646
KIAA0182	31531	40690	40281	44182	18089	19321	34256	38794	36473	40396
KIAA0319L	94954	21432	74636	31882	67529	15742	42328	23824	59678	34787
KLHL4	9653	103122	2300	76787	4506	80201	3559	88517	3695	92154
MED12	9072	118007	2953	109099	4140	82486	5150	131905	5270	180700
PILRB	36288	37719	28055	30095	26648	29638	35692	40887	26492	28352
RBPJ	75935	891	106216	4923	153378	2011	115054	8251	112006	7954
SIK1	28543	23386	31070	33607	57616	58849	34454	33939	40929	38859
U2AF1	54447	28334	39896	33474	60454	32440	63950	56434	48658	40853
