gene_id	R2 	R2 	LN1a  	LN1a  	LN1b 	LN1b 	R1 	R1 	R3  	R3  	R7  	R7  	R4 	R4 	R15  	R15  	R6  	R6  
CENPF,chr1:214818616	1185	142	905	385	832	136	947	206	1629	246	505	298	1055	159	887	114	1144	76
EHD3,chr2:31483612	501	137	530	188	552	102	594	96	719	107	372	102	604	166	487	148	583	109
PKP4,chr2:159389818	976	215	673	265	746	96	805	169	1193	191	474	213	842	223	644	157	865	160
ITGA4,chr2:182360634	818	182	702	244	723	123	825	168	1115	156	436	165	847	213	762	207	852	157
PPP1R1C,chr2:182850915	1047	284	758	293	810	156	877	214	1400	240	505	224	903	276	813	195	988	193
STK36,chr2:219540069	633	148	657	230	548	85	628	116	840	151	377	191	585	180	521	134	509	120
SUSD5,chr3:33194519	581	162	403	242	621	121	657	196	867	162	226	230	516	245	491	206	590	132
CENPE,chr4:104055047	302	73	221	57	271	54	586	116	332	44	80	33	305	97	167	49	206	50
FREM3,chr4:144617633	1010	277	973	314	967	145	1062	202	1596	223	674	302	1081	237	824	250	1058	98
FBXL7,chr5:15937192	589	163	541	200	539	102	606	112	858	141	381	193	574	189	575	160	603	68
PAPD4,chr5:78977819	909	220	747	285	614	99	847	157	1269	200	461	199	762	266	619	169	794	75
GFOD1,chr6:13486942	967	231	771	325	680	124	834	127	1284	215	482	223	834	229	665	172	880	150
KIAA1244,chr6:138611079	572	130	537	208	536	104	604	111	655	98	329	159	485	173	512	163	565	98
CLDN20,chr6:155597478	822	179	660	186	666	109	686	111	1005	148	321	197	591	218	491	175	691	131
IMPDH1,chr7:128040160	571	163	591	183	567	95	737	156	909	154	499	200	650	220	671	200	612	115
CCDC136,chr7:128446389	727	169	702	251	708	110	881	163	1033	153	494	214	758	243	799	212	748	173
FLNC,chr7:128480187	273	72	279	94	223	43	276	61	394	77	206	113	265	71	336	79	346	74
ANK1,chr8:41552703	276	64	257	130	375	66	446	97	513	84	326	78	382	60	429	64	383	32
TRMT12,chr8:125463574	481	106	436	184	407	60	487	75	653	79	202	151	381	64	375	65	396	45
MFSD3,chr8:145736530	578	173	495	172	540	102	633	104	720	107	296	205	465	80	521	85	540	50
TRPM6,chr9:77377434	753	128	715	256	694	112	900	113	1088	99	419	158	763	211	585	173	787	66
VPS13A,chr9:79986065	797	103	743	261	710	109	771	163	1004	197	448	237	720	213	702	176	708	154
DAPK1,chr9:90252929	737	76	703	264	627	114	726	153	1043	207	598	266	819	242	733	180	707	168
MAP3K8,chr10:30747025	704	148	640	206	618	79	712	137	879	137	493	183	684	127	655	85	561	117
HPS1,chr10:100179804	724	167	603	248	623	92	726	116	908	145	454	212	595	215	554	190	654	53
MUC5B,chr11:1270910	234	127	231	147	150	68	209	94	366	148	163	142	226	132	197	123	258	53
DENND5A,chr11:9182384	555	134	407	181	448	92	565	89	604	117	322	147	521	172	461	133	428	76
KCNA1,chr12:5021933	695	160	553	222	585	96	672	106	836	139	396	158	467	136	586	144	625	48
CD163L1,chr12:7548771	813	207	776	311	744	132	950	159	1187	224	537	239	827	254	801	196	778	83
ESYT1,chr12:56525028	594	136	567	186	600	120	751	147	873	108	326	194	615	180	583	162	493	92
MYBPC1,chr12:102053455	671	158	631	215	556	94	638	86	989	177	324	147	600	172	569	138	625	64
CARS2,chr13:111293903	798	177	781	251	605	98	810	114	1161	165	558	235	818	183	700	187	741	113
ACACA,chr17:35444324	728	150	656	207	643	117	792	155	1004	158	514	217	674	214	706	180	770	127
ANKRD30B,chr18:14763979	1137	248	840	312	809	125	883	170	1238	237	468	217	806	265	650	235	981	201
RTTN,chr18:67801756	901	215	680	265	777	199	769	106	1153	173	480	203	872	121	757	119	823	145
CSTF1,chr20:54972837	765	165	594	240	642	112	764	145	947	165	415	217	702	255	692	171	724	125
TPST2,chr22:26937131	454	107	441	157	388	54	556	140	699	122	360	160	513	137	481	136	453	88
TLR8,chrX:12939540	355	190	249	294	309	118	343	206	496	200	258	149	315	264	249	212	346	151
TAB3,chrX:30873483	411	289	277	293	360	114	448	222	609	208	156	224	326	303	329	228	436	187
MORC4,chrX:106200167	464	240	259	304	319	155	460	254	592	250	156	264	304	309	336	207	396	177
FRMD1,chr6:168475945			882	0	559	0	699	22	1053	17	571	11	520	166	536	170	706	0
PRSS12,chr4:119237398	893	223	1043	0	797	0	987	0	1325	0	616	0	1025	0	823	0	880	0
NLRP4,chr19:56369355	610	153	772	0	703	0	799	0	1039	0	644	0	786	0	833	0	653	0
EDA,chrX:69255416	266	178	421	0	354	0	440	1	551	0	369	0	502	0	452	0	422	0
SMTN,chr22:31485803	685	0	493	201	468	80	716	1	859	0	568	0	703	0	722	0	643	0
COL15A1,chr9:101748174	457	0	536	0	464	0	595	17	619	0	509	0	595	0	626	0	518	0
NLN,chr5:65058924	855	0	831	0	728	0	918	0	947	0	407	55	793	0	789	0	687	0
NR2E1,chr6:108496124	945	0	738	0	718	0	802	0	1010	0	431	81	739	0	632	0	793	0
NCAM1,chr11:113076803	941	0	733	0	759	0	875	0	1161	0	554	107	950	0	828	0	786	0
WDR81,chr17:1631632	266	0	271	0	215	0	249	0	276	0	150	42	256	0	259	0	231	0
CDH7,chr18:63430081	921	0	689	0	781	0	774	0	943	0	401	185	766	0	727	0	759	0
EML5,chr14:89084603	904	0	722	0	741	0	898	0	1196	0	621	0	862	125	848	0	822	0
MACF1,chr1:39905038	895	0	804	0	672	0	818	0	1186	0	561	0	773	0	593	109	776	0
NCK1,chr3:136664875	1184	0	1221	0	934	0	1193	0	1648	0	800	0	1121	0	839	111	1185	0
BMP5,chr6:55638940	1332	0	1139	0	1019	0	1105	0	1662	0	976	0	1268	0	1097	101	1257	0
POLR1B,chr2:113304734	969	0	1034	0	744	0	924	0	1302	0	717	0	1041	0	903	0	745	149
SPOP,chr17:47699335	1114	0	1011	0	764	0	921	0	1285	0	582	0	972	0	786	0	752	108
