gene_id	R2	R2	R3	R3	R4	R4	R6	R6	R1	R1	R5 	R5 	R7 	R7 
NOL10,chr2:10807394	1908	656	221	84	214	91	262	141	83	18	130	49	956	463
NT5C1B,chr2:18757597	6942	2201	660	261	787	421	594	364	381	110	500	221	4595	2414
NUP153,chr6:17675809	5667	2331	524	216	442	230	503	287	202	60	249	114	4938	3237
DST,chr6:56323991	2692	1055	239	94	290	148	210	141	140	42	162	86	1583	934
DOPEY1,chr6:83849801	3399	1105	336	125	380	183	278	152	135	47	274	137	2648	1624
GOLGA2,chr9:131029537	6109	351	445	182	409	153	439	279	354	129	340	148	6788	4664
SLC16A12,chr10:91200956	3593	1472	371	138	408	193	314	177	207	55	253	115	1686	1084
RIN1,chr11:66102617	2537	1263	201	96	225	137	205	144	246	102	151	89	1666	1122
TMEM126B,chr11:85342828	5719	1591	633	143	675	242	763	286	272	53	556	138	12234	5353
UBE4A,chr11:118245867	1207	503	183	92	192	114	161	99	168	50	99	48	941	517
RBP5,chr12:7277307	8095	3926	517	205	567	273	525	314	483	166	419	169	5444	4293
METAP2,chr12:95867977	1874	829	185	71	153	95	210	161	165	54	106	55	949	589
SCG3,chr15:51984426	5440	2168	408	146	566	256	469	319	266	79	303	119	4579	2733
TOP2A,chr17:38556130	733	276	182	67	152	91	164	83	112	27	104	51	630	400
KRT24,chr17:38857517	2614	1201	457	194	504	290	477	323	488	192	362	177	2305	1607
ZNF700,chr19:12060053	5633	2248	516	193	564	257	600	348	442	144	391	165	4882	2802
FOXRED2,chr22:36900392	23234	8116	656	309	623	388	920	598	679	213	504	246	15980	10195
NFAM1,chr22:42793944	5374	4433	282	222	256	353	242	350	309	195	204	209	6164	3805
ZC3H12B,chrX:64722933	12440	4873	1018	487	969	487	1121	576	839	272	832	408	17092	10679
ATP13A3,chr3:194149631	638	216	156	71	167	97	205	12	39	10	95	37	558	346
ADCY2,chr5:7520902	23612	9508	1015	403	1108	624	1896	72	451	152	719	305	18364	11197
HSD17B4,chr5:118814548	1220	455	85	33	90	47	154	7	49	12	44	32	734	404
WDFY4,chr10:50121651	30004	11966	720	282	848	448	1258	47	582	212	800	359	28392	17901
ABCG4,chr11:119029365	3451	1509	363	159	262	141	544	19	198	79	266	126	4594	2893
SOST,chr17:41835935	3367	1409	321	140	341	214	337	18	273	100	223	83	3049	1990
DNAH17,chr17:76445555	2473	992	289	125	274	156	474	13	303	119	224	92	1502	1036
MUC16,chr19:9058848	2987	960	285	92	339	138	442	13	248	66	230	94	2195	1147
HAUS7,chrX:152721779	3062	1198	140	79	158	76	290	11	73	32	112	57	1478	994
LMLN,chr3:197712734	5351	1932	536	230	458	287	855	39	308	100	305	138	11770	0
ZNF613,chr19:52447425	1860	798	279	131	473	43	477	22	216	0	310	0	1566	0
MDN1,chr6:90423003	7925	0	897	0	1265	0	972	0	280	78	485	179	13240	0
TAF1L,chr9:32635217	5194	0	458	0	398	0	367	0	146	49	223	104	4417	0
SF3B1,chr2:198266834	4587	1551	570	0	562	0	741	0	352	2	431	0	4740	0
MYO10,chr5:16675004	18086	6170	817	0	827	0	910	0	624	0	584	0	26345	0
B3GAT2,chr6:71603908	4768	203	419	0	474	0	350	0	251	0	311	0	4406	0
C9orf41,chr9:77614785	1503	381	466	0	520	0	426	0	132	0	352	0	5690	0
PHKA1,chrX:71843081	7125	1646	684	0	943	0	907	0	407	0	643	0	6872	0
PIK3CA,chr3:178,936,091	5634	654	2997	0	11832	0	11446	0	5936	0	9065	0	11231	0
SPTA1,chr1:158612715	25038	0	895	0	1183	0	779	335	622	0	757	0	22996	0
KCNH1,chr1:211264003	2258	0	220	0	284	0	203	34	151	0	193	0	1528	0
RIF1,chr2:152319585	1669	0	262	0	303	0	248	86	110	0	169	0	1084	0
ATAD2B,chr2:24033350	6960	0	545	0	625	0	381	199	348	0	371	0	4527	0
NEK11,chr3:130884328	901	0	201	0	294	0	169	94	91	0	176	0	1043	0
TACR3,chr5:19483481	9151	0	576	0	710	0	499	199	305	0	498	0	7191	0
EXOC4,chr7:132990635	1522	0	426	0	536	0	229	83	164	1	301	0	3152	0
SORCS3,chr10:106916978	7885	0	790	0	1027	0	779	133	498	0	642	0	8229	0
UBE3A,chr15:25585281	3617	0	378	0	484	0	336	58	214	0	335	0	3265	0
ANKLE1,chr19:17394370	25040	0	888	0	845	0	1048	431	894	1	633	0	15453	0
MMP9,chr20:44642013	3261	0	124	0	186	0	128	84	75	0	116	0	1488	0
SEL1L2,chr20:13856698	15893	0	973	0	1071	0	1202	121	797	0	719	0	14796	0
ARSF,chrX:3030580	2542	0	177	0	189	0	179	93	179	0	110	0	1245	0
PRICKLE3,chrX:49040216	46536	0	794	0	859	0	840	383	886	2	763	0	46196	0
SEMA4A,chr1:156146378	3958	0	580	0	473	0	673	0	414	91	390	0	4163	0
PIK3CA,chr3:178952085	6352	0	2847	0	8629	0	2656	0	4860	914	7795	0	6782	0
UGT2A1,chr4:70513211	1590	0	234	0	265	0	166	0	52	0	114	5	1535	0
EVI5,chr1:93070883	489	0											152	66
TEKT4,chr2:95541421	22301	0	844	0	999	0	944	0	622	0	700	0	12964	7953
DNAJC10,chr2:183584776	26373	0	785	0	883	0	933	0	610	0	691	0	17287	7048
C7,chr5:40972666	17994	0	300	0	339	0	327	1	221	0	223	0	10362	6897
HIVEP2,chr6:143095757	1453	0	813	0	1093	0	1161	0	578	0	818	0	678	453
MAGI2,chr7:77756605	34799	0											15765	10589
RAB39,chr11:107833048	1908	0	780	0	812	0	574	0	308	0	554	0	637	387
PDZRN4,chr12:41967687	15265	0	428	0	277	0	499	0	306	0	263	0	8150	5345
CDK12,chr17:37619237	3817	0											2669	1484
