gene_id	R5  	R5  	R6 	R6 	R7 	R7 	R1 	R1 	R2  	R2  	R3 	R3 	R9  	R9  	R4  	R4  
LPAR3,chr1:85331160	716	44	699	261	632	48	865	137	914	132	631	138	673	217	701	164
C1orf105,chr1:172417620	834	93	884	284	828	75	1018	213	1087	162	755	175	826	243	720	202
FASLG,chr1:172634822	823	87	943	402	603	71	1009	247	1047	156	783	169	732	242	699	200
KCNT2,chr1:196254809	467	40	520	200	406	33	569	92	549	69	449	93	398	118	376	133
SCRN3,chr2:175268948	714	62	948	213	573	49	928	135	980	123	711	123	803	140	674	127
WDFY3,chr4:85605246	987	56	833	329	885	56	1109	228	1093	177	768	188	844	206	774	240
LAMA2,chr6:129486791	910	89	887	325	655	60	1006	211	992	181	715	122	745	180	646	169
ERLIN2,chr8:37597938	633	70	391	231	509	42	579	159	585	109	442	142	585	154	554	167
RP1,chr8:55537447	934	77	530	641	732	54	1563	205	1447	180	1093	146	746	202	650	169
FAM110B,chr8:59059834	857	88	1216	0	722	63	1020	813	1071	633	744	615	768	263	701	209
FGFR1OP2,chr12:27109572	775	84	723	314	671	70	987	172	874	130	689	157	753	232	639	187
C15orf63,chr15:44093954	695	56	594	181	676	76	813	128	908	141	655	122	662	187	771	136
MAP2K6,chr17:67521072	732	59	730	227	644	38	850	173	857	136	682	115	648	182	610	157
KCNJ15,chr21:39671587	841	63	798	329	689	44	920	168	900	140	736	151	716	219	639	200
SREBF2,chr22:42274003	885	102	863	272	868	83	1066	232	1125	186	698	153	803	235	770	190
MED14,chrX:40525992	690	66	632	222	511	44	810	167	816	112	479	123	537	154	504	107
BAP1,chr3:52441217	599	65	441	256	557	77	696	315	724	291	555	198	719	14	722	6
OMD,chr9:95179699	764	63	849	291	867	67	922	256	1112	182	729	171	768	71	825	0
TMC3,chr15:81650532	943	89	899	348	817	80	1098	225	1204	200	785	133	988	14	909	0
DOCK8,chr9:371472	564	29	520	193	484	56	694	131	724	108	560	74	700	4	667	0
TSKU,chr11:76507255	257	23	220	85	208	19	346	55	283	42	349	41	220	0	277	0
SMAD2,chr18:45374953	838	77	955	360	746	63	1023	0	1032	0	814	0	1085	8	921	0
TNR,chr1:175325572	965	0	1191	0	849	0	1018	225	1105	194	808	140	1027	0	972	0
TPRG1,chr3:189038442	923	0	1362	0	811	0	1002	347	923	265	806	282	990	0	894	13
NPY1R,chr4:164247453	893	0	1014	0	707	0	923	191	849	148	778	115	899	0	835	0
ALMS1,chr2:73679901	1092	0	1357	0	889	0	1318	0	1434	0	917	33	806	232	749	177
SETD2,chr3:47164491	736	0	688	0	659	0	1035	0	1143	0	758	16	533	187	510	165
KDR,chr4:55953780	635	0	788	0	466	0	795	0	778	0	551	23	496	144	487	114
SAMD9,chr7:92731449	429	0	640	0	410	0	529	0	478	0	366	11	391	65	291	77
R3HDM2,chr12:57648851	729	0	971	0	665	0	1076	0	968	0	760	22	708	167	664	131
PCDH17,chr13:58208307	649	0	901	0	550	0	955	0	728	0	576	27	491	134	523	134
PHLPP1,chr18:60587249	508	0	642	0	453	0	613	0	557	0	411	21	471	140	396	112
KLHL13,chrX:117043960	928	0	1001	0	728	0	1183	0	1129	0	909	27	717	197	727	177
POLR1A,chr2:86292470	467	0	577	0	382	0	666	0	539	38	451	28	511	0	463	0
ACOT12,chr5:80639653	745	0	897	0	648	0	1093	0	978	143	672	108	776	0	680	0
NOP2,chr12:6677069	483	0	586	0	532	0	715	0	511	80	415	74	280	0	562	4
PITPNC1,chr17:65688736	787	0	842	0	779	0	965	0	811	135	666	138	924	0	821	0
N4BP2L1,chr13:32981862	812	0	752	231	632	0	957	0	1056	0	737	0	819	10	743	0
SETD2,chr3:47143008	416	0	207	244	381	0	607	0	664	0	517	0	435	8	440	0
COL28A1,chr7:7410457	1001	0	810	279	870	0	1146	0	1162	0	840	0	905	10	869	0
KCNU1,chr8:36671740	927	0	554	345	781	0	1058	0	1128	0	811	0	924	6	871	0
C10orf118,chr10:115922808	852	0	742	283	622	0	1024	0	1058	0	737	0	824	6	735	0
TMEM132B,chr12:126138174	855	0	554	253	682	0	925	0	969	0	750	0	678	8	633	0
TP53,chr17:7579415	246	0	111	62	239	0	303	0	269	0	201	0	232	3	242	0
GPR128,chr3:100387927	921	0	1120	80	722	0	1231	0	1418	0	974	0	944	0	903	0
OR10G4,chr11:123887168	570	0	545	164	507	0	828	0	780	0	563	0	586	0	561	0
PGS1,chr17:76388721	845	0	704	276	733	0	1023	0	1051	0	719	0	818	0	760	0
NLRP5,chr19:56538564	926	0	653	231	796	0	1115	0	1052	0	707	0	960	0	969	0
ZNF846,chr19:9873980	1002	0	769	227	923	0	1158	0	1293	0	950	0	1012	0	1119	0
TIMP3,chr22:33254018	795	0	925	129	699	0	1018	0	965	0	748	0	808	0	691	0
MAGEB6,chrX:26212006	538	0	505	158	442	0	773	0	673	0	560	0	602	0	542	0
FAM47C,chrX:37029565	913	0	742	306	710	0	1140	0	1104	0	866	0	917	0	905	0
ELOVL7,chr5:60053350	632	0	997	0	577	0	907	110	1147	0	837	0	713	0	672	0
KIAA1009,chr6:84911480	46	0	98	0	42	0	17	8	48	0	34	0	62	0	25	0
PSG4,chr19:43702359	790	0	958	0	744	0	1022	0	1075	0	696	78	823	0	867	0
PIK3CA,chr3:178947851	1103	0	1772	0	917	0	1730	0	1579	0	1073	0	958	156	968	0
