gene_id	R9	R9	R6	R6	R5	R5	R2	R2	R4	R4	R3	R3	R1	R1	R7 	R7 
LAMC1,chr1:183091353	808	831	1215	357	1414	292	1022	268	1030	317	977	345	544	178	1198	381
ZNF238,chr1:244217624	804	264	1214	139	848	210	623	188	573	174	648	182	519	141	795	210
HADHB,chr2:26502887	607	373	980	132	884	280	906	281	909	261	827	260	577	150	837	258
PTCD3,chr2:86348641	645	382	996	140	1121	286	928	265	854	284	910	308	569	183	808	248
PBRM1,chr3:52643360	248	380	894	152	890	314	679	312	617	297	594	328	324	164	669	314
UGT2A,chr4:70455148	513	270	871	137	767	179	707	205	635	208	628	222	554	150	612	190
ALB,chr4:74284020	697	372	1329	216	1430	282	897	253	822	284	897	326	566	195	1004	341
PURA,chr5:139494232	674	55	853	133	1185	229	761	163	717	170	724	194	556	128	866	211
ZBTB5,chr9:37441083	689	378	1227	165	1289	377	935	292	964	293	983	338	728	222	1150	337
DAK,chr11:61112943	476	303	873	139	875	290	696	234	676	205	688	258	511	170	776	274
DGAT2,chr11:75508233	785	405	1157	149	1175	298	1001	300	1018	282	894	295	639	227	1048	353
CWF19L2,chr11:107300158	379	233	714	95	726	146	681	165	630	219	551	205	329	123	527	175
GRIK4,chr11:120827623	575	228	990	100	983	140	773	143	728	159	705	179	555	143	746	170
MNAT1,chr14:61201593	405	208	636	82	733	200	507	146	559	140	580	178	360	92	646	183
SIPA1L1,chr14:72176168	485	280	753	113	874	206	672	180	589	208	560	214	391	112	770	245
GOLGA5,chr14:93286100	749	364	1472	260	1836	459	1003	289	1093	283	930	291	588	141	1255	390
MYST2,chr17:47874274	521	206	844	93	858	191	763	202	756	151	753	186	517	120	722	177
CACTIN,chr19:3614474	538	273	881	125	1081	284	740	186	656	237	677	196	431	155	810	241
RBL1,chr20:35651180	569	303	798	116	920	209	842	229	884	298	929	316	449	143	780	237
KRTAP26-1,chr21:31692088	556	370	1099	194	1056	302	757	207	692	221	622	248	569	177	867	293
KRTAP22-2,chr21:31962602	652	359	1243	203	1237	343	958	301	894	299	895	305	630	181	1006	296
KBTBD8,chr3:67058726	245	105	348	65	545	3	367	0	423	0	317	0	176	0	386	0
LONRF2,chr2:100910744	593	294	972	146	1397	0	1156	0	1043	0	1088	0	786	0	1150	0
BHLHE40,chr3:5021701	224	273	674	127	884	0	697	0	699	0	717	0	475	0	779	0
CMYA5,chr5:79027367	718	65	1208	172	1561	0	1243	0	1150	0	1114	0	800	0	1196	0
GCC1,chr7:127222277	639	320	1081	120	1563	0	1376	0	1254	0	1268	0	882	0	1359	0
SLC5A12,chr11:26743135	571	339	1100	175	1347	0	1111	0	999	0	979	0	741	0	1162	0
YLPM1,chr14:75248260	795	470	1277	198	1578	0	1293	0	1323	0	1341	0	893	0	1363	0
UTP14A,chrX:129058932	687	0	1209	135	1525	52	1073	12	1085	0	1202	0	614	0	1321	0
MUC12,chr7:100648350	687	0	822	0	847	205	746	178	829	8	923	0	547	0	907	0
C9orf79,chr9:90501800	613	0	1003	0	1028	191	831	192	1005	9	954	0	676	0	1112	0
SAMD9L,chr7:92764111	880	0	1154	0	1128	238	814	208	943	0	969	0	606	0	1122	0
PANK1,chr10:91359222	1104	0	1635	0	1454	274	997	232	1234	0	1276	0	705	0	1694	0
IL16,chr15:81582809	747	377	1604	0	2052	0	1243	0	1159	0	1211	0	777	0	1661	0
TTC14,chr3:180324050	889	0	1014	110	1327	0	1048	0	1086	0	916	0	603	0	1090	0
ZFP64,chr20:50715012	925	0	989	0	1276	0	1208	0	1015	62	913	235	718	0	1121	0
ZNF41,chrX:47308115	499	0	1191	0	1423	0	942	0	905	0	1023	0	497	52	1177	0
C10orf18,chr10:5791986	981	0	1187	0	1423	0	1147	0	1139	0	1092	0	691	12	782	157
MAST2,chr1:46471986	922	0	1216	0	1251	0	991	0	973	0	1112	0	694	0	831	259
PPP1R7,chr2:242099869	911	0	1123	0	1381	0	1091	0	1175	0	1286	0	671	0	926	262
