gene_id	R2	R2	R1	R1	R3	R3	R4	R4	R11	R11	R10	R10	R9	R9	R5	R5	R6	R6	R7	R7	R8	R8
VHL,chr3:10191491	1850	665	1296	546	917	363	1665	429	1043	362	1507	385	1305	252	1724	412	1018	158	2243	252	1181	269
OR2A14,chr7:143826573	1987	511	1816	562	1120	254	2062	482	989	305	1614	369	1513	257	1714	337	885	82	2309	212	1058	211
EDC4,chr16:67912920	1773	424	1501	431	1011	261	1337	316	1029	301	1309	316	1004	152	1603	316	642	125	1659	155	814	200
GLTPD2,chr17:4693058	440	79	333	94	212	46	346	65	315	66	475	80	228	22	500	77	216	13	440	25	334	65
PPP6R1,chr19:55751203	1241	316	963	300	867	227	770	148	1005	243	1126	262	692	82	1359	220	573	67	954	78	634	124
PRKCZ,chr1:2100983	500	104	392	115	212	68	343	67	589	0	409	0	376	0	868	0	146	0	523	0	221	0
PBRM1,chr3:52643542	2118	654	1581	498	861	289	1753	457	1432	0	2119	0	1814	0	2413	0	634	0	2753	0	1192	0
PLOD2,chr3:145794620	165	26	134	19	85	12	101	20	248	0	282	0	321	0	279	0	53	0	397	0	93	0
VWA5B2,chr3:183958996	2096	507	1559	441	983	288	1434	319	1249	0	1865	0	1494	0	2039	0	711	0	2179	0	1276	0
UFSP2,chr4:186326953	1835	469	1634	388	926	279	1574	357	1354	0	1954	0	1629	0	2291	0	727	0	1699	0	1123	0
FAM169A,chr5:74078809	1654	325	1609	358	930	190	1686	318	1072	0	1882	0	1730	0	1757	0	890	0	2007	0	955	0
ALDH7A1,chr5:125887777	2643	549	2147	476	1114	230	2076	388	1354	0	2574	0	2593	0	2413	0	896	0	1822	0	1224	0
GPRIN1,chr5:176025608	3264	596	3036	596	1744	365	2301	416	2035	0	3242	0	2700	0	2980	0	1003	0	3207	0	1274	0
PCLO,chr7:82581515	2196	483	1720	466	1014	250	1557	368	1453	0	2027	0	1407	0	2453	0	739	0	2142	0	1121	0
ARHGAP39,chr8:145771055	2144	458	1784	541	1066	275	1494	352	1491	0	1938	0	1739	0	2166	0	998	0	2456	0	1364	0
NUP214,chr9:134073605	2159	523	1664	485	1353	248	1668	371	1340	0	2001	0	1363	0	2067	0	917	0	2299	0	1563	0
PDE2A,chr11:72288443	3042	701	1876	557	1518	381	2233	476	1856	0	2426	0	2508	0	2732	0	992	0	3201	0	1653	0
OR4A16,chr11:55111320	1448	343	1055	327	662	168	1202	258	935	0	1460	0	1189	0	2028	0	498	0	1690	0	666	0
LRIG3,chr12:59277357	2029	500	1722	565	1020	267	1422	341	1362	0	2108	0	1681	0	2198	0	888	0	1511	0	1003	0
ZMYM5,chr13:20425551	1961	518	1671	452	1049	278	1347	291	1693	0	1917	0	1405	0	2653	0	803	0	1847	0	1114	0
MUC16,chr19:9082505	2151	482	1703	501	1235	260	1663	361	1483	0	1946	0	1553	0	1729	0	983	0	2495	0	1291	0
MUC16,chr19:9085463	2164	514	1873	512	1026	298	1618	384	1473	0	1983	0	1549	0	2242	0	852	0	2445	0	1258	0
CXorf30,chrX:36368233	929	555	576	491	473	366	962	533	750	0	1025	0	890	0	1265	0	552	0	1089	0	576	0
DGKI,chr7:137206626	3433	0	3135	30	1605	251	3926	231	1804	0	2425	0	2419	0	2857	0	1934	0	3985	0	1611	0
TJP1,chr15:30092896	2573	0	2014	32	1072	249	1668	149	1404	0	2081	0	1525	0	2365	0	738	0	2047	0	919	0
AKAP9,chr7:91630929	3169	0	2701	0	1605	0	2446	0	1812	0	2448	0	2179	0	2478	388	909	133	2667	217	1215	221
HPX,chr11:6453172	2075	0	1761	0	1117	0	1659	0	1027	0	1376	0	1032	0	1114	278	649	97	1568	135	876	185
AGBL1,chr15:86800249	2844	0	2763	0	1499	0	2360	0	1864	0	2317	0	1594	0	2541	375	979	97	2436	210	1279	269
SELENBP1,chr1:151337465	2949	0	2661	0	1839	0	2326	0	1646	0	1289	334	1190	250	2252	71	921	0	1936	0	1507	0
PEX5L,chr3:179519687	3212	0	2585	0	1488	0	2758	0	1267	0	1652	319	1881	270	1979	75	1064	0	3257	0	1237	0
CREM,chr10:35495858	3280	0	2666	0	1547	0	2745	0	1475	0	1795	371	1803	235	2492	74	872	0	3157	0	1590	0
KIF1B,chr1:10435004	2579	0	1978	0	1264	0	2276	0	1953	0	1556	383	1417	250	2544	0	1000	0	2822	0	1123	0
HIST1H4E,chr6:26205140	2865	0	2394	0	1503	0	2577	0	1376	0	1747	406	1729	254	2441	0	975	0	3040	0	1723	0
MPLKIP,chr7:40174159	930	0	793	0	660	0	723	0	263	0	415	106	355	49	1303	0	284	0	585	0	386	0
NTNG1,chr1:107961221	2084	0	1856	0	1069	0	1678	0	1453	0	1577	0	1233	0	2086	21	1007	90	1513	0	1219	0
FRY,chr13:32805407	2456	547	2480	40	1576	0	2306	0	1872	0	2203	0	1338	0	2762	0	1066	0	1624	0	1373	0
RREB1,chr6:7246926	842	77	828	0	694	0	815	0	773	0	799	0	440	0	990	0	534	0	668	0	755	0
RAPGEF6,chr5:130782311	2733	413	2544	0	1567	0	2605	0	1619	0	2621	0	1729	0	2764	0	1237	0	2127	0	1702	0
LRTOMT,chr11:71819764	311	52	272	0	123	0	175	0	258	0	311	0	168	0	388	0	81	0	243	0	214	0
FAT3,chr11:92616299	659	315	778	0	520	0	512	0	449	0	558	0	371	0	654	0	317	0	616	0	482	0
ZNF554,chr19:2827684	2266	468	2285	0	1362	0	1712	0	1556	0	2209	0	1531	0	2450	0	824	0	1858	0	1125	0
ARNT,chr1:150812099	3052	0	2262	0	1295	0	2460	0	1198	311	1472	0	1034	0	2326	0	951	0	2249	0	1308	0
FBXO11,chr2:48066587	1797	0	1589	0	973	0	1544	0	919	246	1510	0	1114	0	1722	0	926	0	1513	0	794	0
DNAH6,chr2:84752780	2246	0	1933	0	1196	0	1636	0	924	280	1774	0	1338	0	2087	0	643	0	1947	0	911	0
FAM134A,chr2:220045449	2908	0	2307	0	1549	0	2131	0	1554	418	2262	0	1691	0	2578	0	1129	0	1649	0	1333	0
PCDHAC2,chr5:140347805	3583	0	3262	0	1905	0	3127	0	1638	304	3021	0	2344	0	2914	0	1229	0	3011	0	1747	0
ENTPD4,chr8:23306385	1863	0	1514	0	941	0	1343	0	907	246	1484	0	1267	0	1806	0	555	0	1327	0	891	0
ZBTB16,chr11:113935029	2589	0	2130	0	1543	0	1665	0	1362	375	2291	0	1118	0	2222	0	779	0	1619	0	1181	0
RTL1,chr14:101349577	1726	0	1622	0	1008	0	1397	0	1125	275	1473	0	1208	0	1491	0	741	0	1833	0	882	0
TP53,chr17:7578271	1594	0	1293	0	1067	0	962	0	955	149	1937	0	828	0	1926	0	473	0	1262	0	722	0
TLE6,chr19:2987928	2179	0	1877	0	1256	0	1460	0	1128	293	1621	0	1077	0	1821	0	668	0	1674	0	1062	0
DACH2,chrX:85769371	2189	0	1747	0	1047	0	1692	0	1030	0	1186	84	1248	0	1648	0	544	0	1766	0	1001	0
CHD6,chr20:40081419	2288	0	2027	0	1429	0	1486	0	1475	0	1989	0	1077	145	2082	0	769	0	2165	0	1015	0
KCNJ13,chr2:233633053	2339	0	2144	0	1562	0	1573	0	1354	0	1828	0	1338	0	1782	173	669	0	1648	0	837	0
UMOD,chr16:20348617	3178	0	2739	0	1392	0	2766	0	1243	0	2213	0	2430	0	2163	201	981	0	2984	0	1238	0
TMEM108,chr3:133099327	1947	0	1607	0	943	0	1711	0	1161	0	1404	0	1172	0	1533	179	711	0	1861	0	1273	12
COL6A5,chr3:130141580	1129	0	943	0	543	0	943	0	724	0	1085	0	623	0	1080	0	472	0	778	0	394	59
TJAP1,chr6:43473562	1111	0	792	0	682	0	723	0	1005	0	1156	0	462	0	1107	0	475	0	795	0	422	77
HMGCLL1,chr6:55443849	725	0	507	0	364	0	516	0	538	0	545	0	275	0	677	0	295	0	546	0	431	68
TRIM4,chr7:99507250	2986	0	2909	0	1503	0	2576	0	1747	0	2215	0	2264	0	2505	0	1183	0	3125	0	1317	155
UAP1L1,chr9:139972577	1345	0	1245	0	859	0	961	0	839	0	1024	0	677	0	1090	0	505	0	998	0	646	116
SLC38A8,chr16:84050827	4016	0	3113	0	1398	0	2984	0	1600	0	2146	0	3324	0	2584	0	824	0	4012	0	1147	126
