gene_id	R3	R3	VT	VT	R10	R10	R4	R4	R2	R2	R8	R8
SCMH1,chr1:41514439	1454	781	447	201	1718	871	1488	208	457	196	1658	235
NUDT17,chr1:145587775	874	333	309	119	881	468	919	251	388	156	880	306
EPHX1,chr1:226032233	1361	568	369	111	1053	560	1148	306	660	165	914	355
TET3,chr2:74327812	2075	1054	628	364	2746	1346	2298	312	933	207	2337	774
CFLAR,chr2:202005145	1561	611	371	156	1786	872	1821	246	506	58	1689	524
NDUFAF2,chr5:60369007	537	365	169	107	559	524	471	171	136	38	407	302
FILIP1,chr6:76022955	2872	1105	652	478	2553	1334	3187	154	1279	116	2452	738
WDR11,chr10:122643335	444	152	142	59	451	140	255	54	127	31	319	121
FOXJ2,chr12:8196313	569	168	176	52	857	295	469	139	176	16	553	177
ITGA5,chr12:54797727	808	402	288	94	1070	504	992	231	265	93	866	314
OGFOD2,chr12:123463354	142	62	50	26	251	126	207	41	55	27	283	100
CGNL1,chr15:57745934	76	38	30	22	109	43	59	16	32	19	52	24
ITGB3,chr17:45376749	2383	1319	741	322	2643	1362	2983	772	993	219	2211	385
NACA2,chr17:59668493	304	161	76	42	371	231	321	104	119	53	324	98
DPF1,chr19:38706807	1752	907	611	320	2405	1147	3728	388	839	277	1948	369
CPEB2,chr4:15018888	299	117	81	29	210	91	269	25	75	39	361	0
GRIK3,chr1:37271857	2456	1211	843	405	2746	1315	2780	426	1277	0	2538	425
KIAA1211,chr4:57179508	1263	620	493	237	1637	829	1274	330	557	0	751	496
MCTP1,chr5:94289005	779	237	233	66	846	263	638	39	228	0	631	88
DYX1C1,chr15:55722944	43	13	9	2	104	63	48	4	18	0	89	1
KIF11,chr10:94381209	82	25	26	7	85	35	83	0	29	0	118	0
C14orf102,chr14:90755267	1837	937	745	228	1816	891	2111	0	889	0	1983	0
WDR64,chr1:241946593	754	0	243	0	579	256	545	119	246	28	672	181
FCRL5,chr1:157490229	195	0	63	0	148	0	117	14	70	11	151	29
ASPM,chr1:197102682	1874	0	643	0	2021	0	1238	321	550	102	1210	468
PRSS35,chr6:84233773	1749	0	487	0	2542	0	1099	149	551	46	1120	597
PNISR,chr6:99848501	798	0	270	0	1175	0	571	116	196	45	856	146
ATM,chr11:108186751	669	0	159	0	606	0	431	156	160	50	460	234
NYNRIN,chr14:24879270	1423	0	520	0	1291	0	777	244	280	92	722	295
PIK3R5,chr17:8789897	1504	0	437	0	1522	0	770	80	437	47	796	240
CEP76,chr18:12691421	200	0	52	0	320	0	153	53	38	5	208	83
ZSCAN4,chr19:58189363	1618	0	374	0	1506	0	1134	311	248	63	877	587
HAND2,chr4:174448468	680	0	206	0	781	0	430	31	144	42	530	0
CLEC1B,chr12:10149849	337	0	94	0	445	0	248	14	75	26	341	0
DNAH7,chr2:196759799	741	0	217	0	574	0	573	0	126	20	592	61
KCNA10,chr1:111060770	2762	0	597	0	2980	0	2226	437	754	0	2138	335
CRP,chr1:159684270	700	323	301	0	1545	0	1064	0	468	0	1265	0
APOB,chr2:21227481	435	128	163	0	869	0	453	0	110	0	577	0
EYS,chr6:64709044	846	336	358	0	1488	0	1030	0	326	0	1148	0
DDX56,chr7:44608506	1198	479	506	0	2055	0	1865	0	675	0	1907	0
NFX1,chr9:33295008	1051	291	457	0	1988	0	1263	0	434	0	1184	0
NAV3,chr12:78400382	1764	770	756	0	2448	0	2602	0	937	0	2575	0
SLITRK6,chr13:86369017	1375	520	633	0	2101	0	1366	0	499	0	1315	0
NIN,chr14:51288665	1355	641	614	0	3155	0	1920	0	783	0	1978	0
TMEM199,chr17:26687564	546	251	239	0	877	0	727	0	268	0	662	0
SMARCA4,chr19:11132513	1264	598	667	0	2038	0	1798	0	628	0	1714	0
ZNF627,chr19:11728183	575	207	240	0	744	0	637	0	271	0	563	0
SYNJ1,chr21:34003899	653	323	244	0	1410	0	722	0	360	0	753	0
CHRDL1,chrX:109924712	1770	176	520	0	1791	0	1907	0	629	0	1412	0
ARID1A,chr1:27094351	1837	0	421	229	2359	0	1338	0	541	0	1511	0
NRXN1,chr2:50464043	1859	0	481	177	2247	0	1919	0	625	0	1837	0
LCT,chr2:136594475	1586	0	353	170	1955	0	1333	0	613	0	1739	0
EPHA6,chr3:97251294	1519	0	414	121	1867	0	1589	0	512	0	1840	0
ATP11B,chr3:182597393	138	0	30	8	134	0	102	0	46	0	119	0
MAGI2,chr7:78636485	1626	0	366	123	1773	0	1417	0	565	0	1912	0
ABCA1,chr9:107555135	3141	0	517	289	3683	0	2614	0	1248	0	2796	0
PCDH9,chr13:67800837	498	0	85	33	739	0	338	0	149	0	375	0
TAX1BP3,chr17:3567057	341	0	53	34	412	0	224	0	80	0	318	0
CCR7,chr17:38711023	2123	0	527	218	2140	0	1947	0	532	0	1913	0
ZFP82,chr19:36884313	1691	0	319	174	1488	0	1575	0	398	0	1169	0
CEACAM16,chr19:45209102	148	0	29	16	338	0	140	0	49	0	257	0
TOM1,chr22:35730411	920	0	198	101	1167	0	777	0	336	0	637	0
AIM2,chr1:159043101	183	0	71	0	230	0	188	0	99	0	187	0
BARD1,chr2:215632284	970	0	343	0	1369	0	1018	0	325	0	1280	0
GPR98,chr5:89933648	3295	0	1049	0	3255	0	2358	0	815	0	2006	0
PCDHB15,chr5:140625817	4938	0	1946	0	5046	0	3889	0	1253	0	2976	0
POU4F3,chr5:145719208	1314	0	490	0	2085	0	1071	0	315	0	1343	0
RELN,chr7:103179752	1013	0	373	0	1262	0	943	0	370	0	1278	0
SLMAP,chr3:57847695	203	0	70	0	290	0	152	77	60	0	335	0
B3GALNT1,chr3:160803918	720	0	252	0	726	0	530	33	243	0	738	0
PCDH7,chr4:31144137	569	0	159	0	974	0	371	36	217	0	597	0
SEC24D,chr4:119649774	999	0	328	0	699	0	551	92	199	0	679	0
PMS2,chr7:6026820	2022	0	701	0	1851	0	2304	221	838	0	2012	0
GPR26,chr10:125426272	1860	0	528	0	1922	0	1269	272	537	0	1358	0
OR4D10,chr11:59245180	2873	0	850	0	3107	0	2107	376	1013	0	2456	0
FAT3,chr11:92534448	1452	0	540	0	2031	0	1209	121	380	0	1004	0
GPHN,chr14:67555711	1634	0	545	0	1413	0	705	254	295	0	822	5
PARP6,chr15:72550401	202	0	55	0	216	0	108	21	39	0	178	0
C16orf96,chr16:4606619	1429	0	371	0	2030	0	1231	112	480	0	1477	0
CNDP2,chr18:72180824	1436	0	385	0	1450	0	1163	140	669	0	1379	0
UNC13A,chr19:17759324	2720	0	1135	0	3120	0	2355	482	1003	0	2285	0
SPINT2,chr19:38781206	156	0	77	0	639	0	270	214	64	0	441	0
RNF113A,chrX:119004746	475	0	164	0	580	0	497	56	157	0	491	0
KIAA0319L,chr1:35915567	2787	0	942	0	2481	0	2239	158	592	3	2330	0
USP13,chr3:179439306	2094	0	610	0	2654	0	1809	609	919	7	2395	0
FUCA1,chr1:24192101	3094	0	969	0	2641	0	3243	0	871	143	2275	0
ADCY10,chr1:167839555	946	0	265	0	1511	0	829	0	325	25	1036	0
B3GALNT2,chr1:235616402	1085	0	377	0	1385	0	1083	0	405	25	1131	0
APOB,chr2:21228087	918	0	226	0	880	0	655	0	212	39	811	0
MSH6,chr2:48026694	1579	0	616	0	2177	0	1884	0	412	125	1424	0
UNC80,chr2:210841772	1440	0	431	0	1457	0	1394	0	432	71	1439	0
FN1,chr2:216236843	1488	0	412	0	1696	0	1290	0	425	53	1682	0
COL6A3,chr2:238244946	952	0	346	0	1100	0	759	0	366	25	959	0
FYCO1,chr3:46008626	110	0	46	0	139	0	152	0	57	5	142	0
KALRN,chr3:124132360	3262	0	1048	0	3465	0	3132	0	1247	164	3134	0
ZIC1,chr3:147128059	1428	0	448	0	1748	0	1487	0	486	111	1432	0
KDM1B,chr6:18212830	1242	0	387	0	1436	0	997	0	285	41	1030	0
PRDM13,chr6:100056683	2862	0	836	0	3337	0	2697	0	952	165	2212	0
SYNE1,chr6:152542598	369	0	99	0	503	0	211	0	73	4	424	0
ZNF398,chr7:148876273	2157	0	630	0	3029	0	2966	0	869	156	2669	0
GRHL2,chr8:102570923	2496	0	859	0	3011	0	2838	0	859	96	2333	0
PLEC,chr8:144996887	552	0	197	0	553	0	485	0	133	30	446	0
LMX1B,chr9:129453317	2370	0	747	0	2409	0	1633	0	564	128	1546	0
FAM107B,chr10:14816326	1330	0	358	0	1750	0	1429	0	398	63	1551	0
NPAP1,chr15:24923007	2616	0	757	0	2698	0	1587	0	464	91	1535	0
KIF23,chr15:69709813	1056	0	325	0	1785	0	745	0	224	37	893	0
SCAPER,chr15:76726461	655	0	228	0	732	0	432	0	136	15	513	0
MBD1,chr18:47801754	763	0	260	0	781	0	799	0	270	51	795	0
SAFB2,chr19:5592897	1431	0	452	0	1323	0	1394	0	227	45	1068	0
AP1M2,chr19:10697877	1642	0	494	0	1846	0	1706	0	475	50	1529	0
POLD1,chr19:50916777	524	0	175	0	858	0	483	0	128	22	774	0
ASXL1,chr20:31021637	1891	0	587	0	1813	0	1859	0	678	91	1650	0
AP5S1,chr20:3804561	1196	0	355	0	1270	0	950	0	306	37	670	0
PPP1R3F,chrX:49143427	870	0	178	0	896	0	896	0	193	82	694	0
FAM71E2,chr19:55872229	1873	0	513	0	1549	0	1686	0	521	4	1187	213
SLC39A1,chr1:153933185	536	0	161	0	725	0	499	0	245	0	500	92
BBS5,chr2:170361054	2225	0	703	0	2640	0	1860	0	947	0	1914	354
GPR141,chr7:37780229	96	0	30	0	92	0	109	0	29	0	89	7
RGS20,chr8:54866810	1426	0	421	0	1459	0	1044	0	342	0	1037	191
BMPR1A,chr10:88659838	981	0	312	0	1088	0	738	0	187	0	688	135
ANO5,chr11:22296145	1313	0	357	0	1097	0	968	0	313	0	734	140
ATP2A1,chr16:28905849	2527	0	1067	0	3246	0	2461	0	988	0	1853	429
HYDIN,chr16:70841759	3322	0	875	0	3846	0	3013	0	1070	0	2623	448
TXNL4B,chr16:72120589	511	0	123	0	1256	0	359	0	88	0	516	87
CANT1,chr17:76989934	1922	0	699	5	2338	0	2352	0	720	0	1339	484
ATRX,chrX:76954086	263	0	79	0	283	0	209	0	64	0	199	96
