gene_id	R1 	R1 	R2	R2	R6	R6	R3	R3	R7	R7
CYR61,chr1:86047115	1740	458	1334	53	582	98	1271	435	712	132
CENPF,chr1:214816224	4420	944	2953	112	1329	97	3620	0	1724	247
MARCO,chr2:119751996	5479	1163	3775	144	1610	174	3522	1005	2253	342
WDR33,chr2:128466334	5254	915	3409	130	1705	135	3399	772	1546	703
ZDHHC3,chr3:45000715	4284	1210	3419	114	1712	418	2484	946	1075	1024
GNPDA2,chr4:44709934	4306	919	2407	95	885	103	3022	811	1136	407
DCBLD1,chr6:117841041	4842	982	2886	101	1489	170	3028	933	1089	397
KCNB2,chr8:73849748	4002	807	2203	80	1069	195	2624	745	1108	508
LDB3,chr10:88451726	4702	955	3474	105	1224	99	3261	974	1032	1084
GAS6,chr13:114566625	2403	635	1770	62	639	89	2088	651	1029	352
NPEPPS,chr17:45696476	4574	1028	2728	92	1009	106	2911	793	1339	370
C17orf90,chr17:79632553	5026	1135	3481	137	1645	134	4864	886	2027	518
CSMD3,chr8:113349840	5701	0	2554	81	1139	238	3067	876	931	416
SHANK1,chr19:51219681	5661	0	3396	123	1248	157	2705	731	1394	421
GLB1,chr3:33099620	540	0	302	0	146	33	260	112	85	55
DPP6,chr7:154561175	7186	0	3999	0	1472	217	3339	1029	2452	938
ASAP1,chr8:131140197	6101	0	3172	0	1507	283	3535	947	1996	734
CYP17A1,chr10:104590461	4683	0	2447	0	1153	130	2268	643	587	556
FBN2,chr5:127728882	2651	0	1056	0	582	42	1730	0	399	107
RIMS2,chr8:105263327	5705	0	2815	0	1333	96	2862	760	1307	0
CTNNA2,chr2:80136761	2018	0	1070	0	604	0	1049	271	308	157
UROC1,chr3:126226811	6874	0	4055	0	1888	0	3545	498	1484	173
DOT1L,chr19:2226271	5248	0	3381	0	1118	0	3076	841	1558	780
PTPRT,chr20:41419958	7274	0	3998	0	2277	0	6482	130	2944	591
HIVEP3,chr1:42048662	4885	1190	3420	0	1447	0	4049	0	2179	0
MTMR11,chr1:149903893	6384	1315	4468	0	2042	0	5177	0	2413	0
ATL2,chr2:38525435	5272	406	2786	0	1544	0	4059	0	1713	0
TAAR1,chr6:132966457	4798	950	2668	0	1262	0	4370	0	1798	0
CDH23,chr10:73464783	2913	185	1812	0	767	0	1897	0	793	0
GRID1,chr10:87407144	5334	1134	3764	0	1715	0	4898	0	2470	0
CILP,chr15:65489101	5567	1155	3940	0	2194	0	5041	0	2252	0
FAM129C,chr19:17652964	3963	832	2706	0	1221	0	3017	0	1690	0
ITPR1,chr3:4878510	5972	0	3657	0	1268	260	4055	0	2383	0
ZNF518B,chr4:10445618	5918	0	3032	0	1656	150	4282	0	1647	0
KIAA1217,chr10:24820837	6392	0	3285	0	1368	139	4379	0	2127	0
TTLL9,chr20:30497690	2415	0	1540	0	712	85	1705	0	1152	0
CCKBR,chr11:6292024	3953	0	1980	0	969	0	2190	602	979	0
GOLGA3,chr12:133358952	6727	0	4173	0	1896	0	4241	952	1855	0
AIFM3,chr22:21328822	4709	0	2680	0	942	0	2619	736	1569	0
ROCK1,chr18:18608851	7325	0	3531	0	1582	0	3905	1076	2508	0
BSN,chr3:49688508	5274	0	3858	0	1493	0	3450	0	1299	1119
HTT,chr4:3189513	5247	0	2737	0	1068	0	3548	0	1134	115
PCM1,chr8:17827164	6298	0	2913	0	1335	0	3588	0	1203	279
SYBU,chr8:110588046	6421	0	3264	0	1732	0	4309	0	1563	339
OR51V1,chr11:5221789	5728	0	2775	0	1412	0	4093	0	923	377
C12orf40,chr12:40114846	6591	0	2951	0	1421	0	5261	0	1073	248
TP53,chr17:7577018	6806	0	3776	0	1609	0	4937	0	1443	698
ELAC1,chr18:48513396	6977	0	3756	0	1771	0	4796	0	1490	580
